# 14 14 6
      -6.5       -6.5       24.0   -0.02075  -0.266864   0.963511
      -5.5       -6.5       24.0    0.00683  -0.300052   0.953898
      -4.5       -6.5       24.0    0.04616  -0.327592   0.943691
      -3.5       -6.5       24.0   0.096394  -0.344128   0.933962
      -2.5       -6.5       24.0   0.153562  -0.344308   0.926213
      -1.5       -6.5       24.0   0.210352  -0.325105   0.921986
      -0.5       -6.5       24.0   0.257955  -0.288102   0.922202
       0.5       -6.5       24.0   0.289489  -0.239527   0.926727
       1.5       -6.5       24.0   0.302439  -0.187383   0.934569
       2.5       -6.5       24.0   0.298525   -0.13844   0.944308
       3.5       -6.5       24.0   0.281883   -0.09681   0.954552
       4.5       -6.5       24.0   0.257147  -0.064053   0.964247
       5.5       -6.5       24.0    0.22827  -0.039998   0.972776
       6.5       -6.5       24.0   0.198113  -0.023604   0.979895
      -6.5       -5.5       24.0  -0.045703  -0.305249   0.951175
      -5.5       -5.5       24.0  -0.015522  -0.349477   0.936816
      -4.5       -5.5       24.0   0.031455  -0.388336   0.920981
      -3.5       -5.5       24.0   0.095801  -0.413773   0.905325
      -2.5       -5.5       24.0   0.173139  -0.416494     0.8925
      -1.5       -5.5       24.0   0.252465  -0.390109   0.885481
      -0.5       -5.5       24.0   0.318683  -0.336637   0.886068
       0.5       -5.5       24.0   0.359963  -0.267528   0.893787
       1.5       -5.5       24.0   0.373178  -0.196608   0.906688
       2.5       -5.5       24.0   0.362778  -0.133953   0.922198
       3.5       -5.5       24.0   0.336396  -0.084194   0.937949
       4.5       -5.5       24.0   0.301319   -0.04781   0.952324
       5.5       -5.5       24.0   0.262968  -0.023128   0.964527
       6.5       -5.5       24.0   0.224774  -0.007819   0.974379
      -6.5       -4.5       24.0  -0.082405  -0.340329   0.936689
      -5.5       -4.5       24.0  -0.052696  -0.397802   0.915957
      -4.5       -4.5       24.0      1e-06  -0.451875   0.892081
      -3.5       -4.5       24.0   0.079756  -0.491224   0.867374
      -2.5       -4.5       24.0   0.183798  -0.499987   0.846305
      -1.5       -4.5       24.0   0.296586  -0.464093   0.834658
      -0.5       -4.5       24.0    0.39113   -0.38469   0.836081
       0.5       -4.5       24.0   0.445283  -0.284533   0.848978
       1.5       -4.5       24.0    0.45606  -0.188432   0.869772
       2.5       -4.5       24.0   0.434324  -0.110633   0.893937
       3.5       -4.5       24.0    0.39388   -0.05459   0.917539
       4.5       -4.5       24.0   0.345578  -0.017743   0.938222
       5.5       -4.5       24.0     0.2962   0.004343   0.955116
       6.5       -4.5       24.0   0.249325   0.015839    0.96829
      -6.5       -3.5       24.0  -0.132523  -0.366657   0.920869
      -5.5       -3.5       24.0  -0.109135  -0.438216    0.89222
      -4.5       -3.5       24.0  -0.056827  -0.511065   0.857662
      -3.5       -3.5       24.0   0.035208  -0.571355   0.819947
      -2.5       -3.5       24.0   0.171434  -0.593923   0.786044
      -1.5       -3.5       24.0   0.334542  -0.547557   0.766983
      -0.5       -3.5       24.0   0.475087  -0.425186   0.770395
       0.5       -3.5       24.0    0.54564  -0.277152   0.790862
       1.5       -3.5       24.0   0.547688  -0.149281   0.823258
       2.5       -3.5       24.0   0.507257  -0.058497   0.859807
       3.5       -3.5       24.0   0.448063  -0.002073   0.893999
       4.5       -3.5       24.0   0.384558   0.029071   0.922643
       5.5       -3.5       24.0   0.323857   0.043535   0.945104
       6.5       -3.5       24.0   0.268812   0.047556   0.962018
      -6.5       -2.5       24.0  -0.195556  -0.376917   0.905368
      -5.5       -2.5       24.0  -0.187386  -0.459827   0.868013
      -4.5       -2.5       24.0  -0.148122  -0.551405   0.820983
      -3.5       -2.5       24.0  -0.057569  -0.639067   0.766994
      -2.5       -2.5       24.0   0.106874  -0.690003   0.715873
      -1.5       -2.5       24.0   0.343602  -0.640096   0.687178
      -0.5       -2.5       24.0   0.567618   -0.44094   0.695256
       0.5       -2.5       24.0   0.655492  -0.219477   0.722607
       1.5       -2.5       24.0   0.635554  -0.058978     0.7698
       2.5       -2.5       24.0   0.567799   0.033275   0.822494
       3.5       -2.5       24.0   0.487671   0.077455   0.869585
       4.5       -2.5       24.0   0.410233   0.093236   0.907202
       5.5       -2.5       24.0   0.340599   0.093628   0.935535
       6.5       -2.5       24.0   0.279784   0.086113   0.956193
      -6.5       -1.5       24.0  -0.266825  -0.363454   0.892584
      -5.5       -1.5       24.0   -0.28394  -0.448783   0.847332
      -4.5       -1.5       24.0  -0.276566    -0.5491    0.78867
      -3.5       -1.5       24.0  -0.218754  -0.658818   0.719795
      -2.5       -1.5       24.0  -0.061459   -0.75234   0.655902
      -1.5       -1.5       24.0   0.262141  -0.731094   0.629908
      -0.5       -1.5       24.0   0.661976  -0.381294   0.645292
       0.5       -1.5       24.0   0.749306  -0.062479    0.65927
       1.5       -1.5       24.0   0.686948   0.105132   0.719062
       2.5       -1.5       24.0   0.590846   0.169232   0.788835
       3.5       -1.5       24.0   0.496863   0.181299    0.84868
       4.5       -1.5       24.0   0.413312   0.170432   0.894498
       5.5       -1.5       24.0   0.341068   0.150691   0.927882
       6.5       -1.5       24.0   0.279131   0.128432   0.951625
      -6.5       -0.5       24.0  -0.336181  -0.321824   0.885105
      -5.5       -0.5       24.0  -0.384442   -0.39421   0.834747
      -4.5       -0.5       24.0  -0.425085  -0.478065   0.768607
      -3.5       -0.5       24.0   -0.44089  -0.570461   0.692957
      -2.5       -0.5       24.0  -0.381171  -0.664763   0.642494
      -1.5       -0.5       24.0  -0.066966  -0.705803   0.705236
      -0.5       -0.5       24.0   0.702759  -0.067308   0.708237
       0.5       -0.5       24.0   0.728639   0.260804   0.633298
       1.5       -0.5       24.0   0.637791   0.341668   0.690279
       2.5       -0.5       24.0   0.545147   0.332239   0.769696
       3.5       -0.5       24.0   0.461511   0.294031   0.836991
       4.5       -0.5       24.0   0.387354   0.249719   0.887466
       5.5       -0.5       24.0   0.322199   0.207451   0.923662
       6.5       -0.5       24.0    0.26532   0.169735   0.949102
      -6.5        0.5       24.0  -0.389728  -0.255204   0.884864
      -5.5        0.5       24.0  -0.463963  -0.299157   0.833812
      -4.5        0.5       24.0  -0.547627  -0.336878    0.76591
      -3.5        0.5       24.0  -0.640276  -0.345644   0.685986
      -2.5        0.5       24.0  -0.731223  -0.263973   0.628992
      -1.5        0.5       24.0  -0.705605    0.06468   0.705647
      -0.5        0.5       24.0   0.065014   0.702561   0.708647
       0.5        0.5       24.0   0.379759   0.660947    0.64725
       1.5        0.5       24.0   0.439414   0.565958   0.697572
       2.5        0.5       24.0   0.423411   0.472986   0.772663
       3.5        0.5       24.0   0.382616   0.388712   0.838157
       4.5        0.5       24.0   0.334288   0.316028   0.887906
       5.5        0.5       24.0   0.285517   0.255111   0.923796
       6.5        0.5       24.0   0.239398   0.204665   0.949105
      -6.5        1.5       24.0  -0.415989   -0.17551   0.892272
      -5.5        1.5       24.0  -0.499696  -0.185915   0.846014
      -4.5        1.5       24.0  -0.593765  -0.173227   0.785771
      -3.5        1.5       24.0  -0.689822  -0.108304   0.715833
      -2.5        1.5       24.0  -0.751875    0.06026   0.656546
      -1.5        1.5       24.0  -0.663739   0.379644   0.644453
      -0.5        1.5       24.0  -0.262646    0.72877   0.632386
       0.5        1.5       24.0    0.06127   0.748837   0.659916
       1.5        1.5       24.0   0.218302   0.654325   0.724019
       2.5        1.5       24.0   0.275735    0.54391   0.792548
       3.5        1.5       24.0   0.282795   0.443129   0.850684
       4.5        1.5       24.0   0.265473   0.357489   0.895391
       5.5        1.5       24.0   0.237193   0.286768   0.928172
       6.5        1.5       24.0   0.204915   0.228978   0.951619
      -6.5        2.5       24.0  -0.412981  -0.097915   0.905461
      -5.5        2.5       24.0  -0.490563  -0.081592   0.867577
      -4.5        2.5       24.0  -0.570717  -0.036734   0.820325
      -3.5        2.5       24.0  -0.638277   0.056322   0.767744
      -2.5        2.5       24.0  -0.657659   0.217588   0.721207
      -1.5        2.5       24.0  -0.568809    0.43937   0.695277
      -0.5        2.5       24.0  -0.343719   0.637972   0.689093
       0.5        2.5       24.0  -0.106571   0.686762   0.719027
       1.5        2.5       24.0   0.057721   0.634756   0.770554
       2.5        2.5       24.0   0.147911   0.546296   0.824429
       3.5        2.5       24.0   0.186813   0.454177   0.871105
       4.5        2.5       24.0   0.194703   0.370909    0.90803
       5.5        2.5       24.0   0.185201   0.299867   0.935831
       6.5        2.5       24.0   0.166648   0.240758   0.956172
      -6.5        3.5       24.0   -0.38717  -0.033452   0.921402
      -5.5        3.5       24.0  -0.450757   -0.00175   0.892645
      -4.5        3.5       24.0  -0.509887   0.055312   0.858461
      -3.5        3.5       24.0  -0.550023   0.146759   0.822154
      -2.5        3.5       24.0  -0.547378   0.275156   0.790358
      -1.5        3.5       24.0  -0.475972   0.423314    0.77088
      -0.5        3.5       24.0  -0.334583   0.545218    0.76863
       0.5        3.5       24.0  -0.171034   0.590683   0.788569
       1.5        3.5       24.0  -0.034809   0.567153   0.822877
       2.5        3.5       24.0   0.056975   0.506068    0.86061
       3.5        3.5       24.0   0.108964    0.43264   0.894958
       4.5        3.5       24.0   0.132064    0.36068   0.923293
       5.5        3.5       24.0    0.13631   0.296092   0.945383
       6.5        3.5       24.0   0.129081   0.240527   0.962021
      -6.5        4.5       24.0  -0.347916   0.013519   0.937428
      -5.5        4.5       24.0   -0.39623   0.050885    0.91674
      -4.5        4.5       24.0  -0.436544   0.107472   0.893241
      -3.5        4.5       24.0  -0.457955   0.185773   0.869348
      -2.5        4.5       24.0  -0.446639   0.282206   0.849043
      -1.5        4.5       24.0  -0.391801   0.382371    0.83683
      -0.5        4.5       24.0   -0.29661    0.46138   0.836153
       0.5        4.5       24.0  -0.183424   0.496566   0.848397
       1.5        4.5       24.0  -0.079298   0.487002   0.869794
       2.5        4.5       24.0   0.000317   0.446934   0.894567
       3.5        4.5       24.0   0.052773   0.392296   0.918324
       4.5        4.5       24.0   0.082227   0.334407   0.938835
       5.5        4.5       24.0   0.094652   0.279553   0.955453
       6.5        4.5       24.0   0.095441    0.23048   0.968385
      -6.5        5.5       24.0  -0.303317   0.043608   0.951891
      -5.5        5.5       24.0  -0.338352   0.080442   0.937575
      -4.5        5.5       24.0   -0.36457   0.130638   0.921967
      -3.5        5.5       24.0  -0.374658   0.193655   0.906714
      -2.5        5.5       24.0   -0.36099   0.264773   0.894193
      -1.5        5.5       24.0  -0.319177   0.333832   0.886951
      -0.5        5.5       24.0  -0.252465    0.38697   0.886857
       0.5        5.5       24.0   -0.17281     0.4128   0.894278
       1.5        5.5       24.0  -0.095356   0.409433   0.907343
       2.5        5.5       24.0  -0.031074    0.38338   0.923068
       3.5        5.5       24.0   0.015735   0.344005   0.938836
       4.5        5.5       24.0   0.045711   0.299375    0.95304
       5.5        5.5       24.0   0.061812   0.254878   0.964996
       6.5        5.5       24.0   0.067472   0.213471   0.974617
      -6.5        6.5       24.0  -0.258794   0.059765   0.964082
      -5.5        6.5       24.0  -0.283452   0.092897   0.954476
      -4.5        6.5       24.0  -0.299921   0.134866   0.944383
      -3.5        6.5       24.0  -0.303556   0.184063   0.934866
      -2.5        6.5       24.0  -0.290238   0.236319   0.927316
      -1.5        6.5       24.0  -0.258294   0.284817   0.923127
      -0.5        6.5       24.0  -0.210316   0.321542   0.923243
       0.5        6.5       24.0  -0.153262   0.340307    0.92774
       1.5        6.5       24.0  -0.095979   0.339611   0.935656
       2.5        6.5       24.0  -0.045764   0.322565    0.94544
       3.5        6.5       24.0  -0.006547   0.294574   0.955606
       4.5        6.5       24.0   0.020873   0.261017   0.965109
       5.5        6.5       24.0    0.03764   0.226022   0.973395
       6.5        6.5       24.0   0.045702   0.192232   0.980285
      -6.5       -6.5       25.0   0.074726   -0.29356   0.953016
      -5.5       -6.5       25.0   0.117229  -0.323184   0.939047
      -4.5       -6.5       25.0   0.171413  -0.342616   0.923706
      -3.5       -6.5       25.0    0.23443  -0.345572   0.908638
      -2.5       -6.5       25.0    0.29953  -0.326909   0.896333
      -1.5       -6.5       25.0   0.356732  -0.285616   0.889475
      -0.5       -6.5       25.0   0.396062  -0.226823   0.889768
       0.5       -6.5       25.0   0.411801   -0.16041   0.897045
       1.5       -6.5       25.0   0.404312  -0.096716   0.909493
       2.5       -6.5       25.0   0.378612  -0.043028   0.924555
       3.5       -6.5       25.0   0.341507  -0.002541   0.939876
       4.5       -6.5       25.0   0.299258    0.02479    0.95385
       5.5       -6.5       25.0   0.256478   0.040779   0.965689
       6.5       -6.5       25.0   0.216019   0.047807   0.975218
      -6.5       -5.5       25.0   0.061386  -0.348554   0.935276
      -5.5       -5.5       25.0     0.1115  -0.391196   0.913528
      -4.5       -5.5       25.0   0.179838  -0.422164   0.888502
      -3.5       -5.5       25.0   0.264266  -0.431072   0.862752
      -2.5       -5.5       25.0   0.355737  -0.407919   0.840865
      -1.5       -5.5       25.0   0.437963  -0.349179    0.82841
      -0.5       -5.5       25.0   0.493165  -0.263337   0.829122
       0.5       -5.5       25.0   0.511714  -0.168582   0.842454
       1.5       -5.5       25.0   0.495904  -0.082477   0.864452
       2.5       -5.5       25.0    0.45572  -0.015165   0.889994
       3.5       -5.5       25.0    0.40263   0.031002   0.914838
       4.5       -5.5       25.0   0.345755   0.058497     0.9365
       5.5       -5.5       25.0   0.290876   0.071553   0.954081
       6.5       -5.5       25.0   0.240965   0.074303   0.967685
      -6.5       -4.5       25.0   0.033547  -0.405515   0.913472
      -5.5       -4.5       25.0   0.088795  -0.465457   0.880605
      -4.5       -4.5       25.0   0.171259  -0.513833   0.840623
      -3.5       -4.5       25.0   0.281972  -0.534261   0.796904
      -2.5       -4.5       25.0   0.410753  -0.507434   0.757491
      -1.5       -4.5       25.0   0.531387  -0.422644   0.734166
      -0.5       -4.5       25.0    0.61024  -0.293555   0.735821
       0.5       -4.5       25.0   0.630023    -0.1563   0.760685
       1.5       -4.5       25.0   0.598832  -0.041434   0.799802
       2.5       -4.5       25.0   0.536793   0.038751   0.842824
       3.5       -4.5       25.0   0.462592   0.086136   0.882377
       4.5       -4.5       25.0   0.388436   0.108491   0.915067
       5.5       -4.5       25.0   0.320548   0.113947   0.940354
       6.5       -4.5       25.0   0.261249   0.108837   0.959116
      -6.5       -3.5       25.0  -0.013028  -0.458634    0.88853
      -5.5       -3.5       25.0   0.040966  -0.539709   0.840854
      -4.5       -3.5       25.0   0.132475  -0.612851   0.779015
      -3.5       -3.5       25.0   0.270509  -0.654658   0.705866
      -2.5       -3.5       25.0   0.449486    -0.6295   0.633792
      -1.5       -3.5       25.0   0.630739  -0.506738   0.587695
      -0.5       -3.5       25.0   0.746464  -0.304805   0.591511
       0.5       -3.5       25.0   0.761823  -0.103358   0.639486
       1.5       -3.5       25.0   0.702934   0.044275   0.709876
       2.5       -3.5       25.0   0.610112   0.130081   0.781564
       3.5       -3.5       25.0   0.511144   0.168416   0.842833
       4.5       -3.5       25.0   0.419567   0.176671   0.890365
       5.5       -3.5       25.0   0.340125   0.168001   0.925252
       6.5       -3.5       25.0   0.273314   0.150688   0.950049
      -6.5       -2.5       25.0  -0.080795  -0.498747   0.862974
      -5.5       -2.5       25.0   -0.03976  -0.601694   0.797736
      -4.5       -2.5       25.0   0.046064  -0.705625   0.707087
      -3.5       -2.5       25.0   0.199574   -0.78311    0.58899
      -2.5       -2.5       25.0   0.435088  -0.776287   0.456154
      -1.5       -2.5       25.0   0.712545  -0.604069   0.356903
      -0.5       -2.5       25.0   0.890877  -0.269889   0.365374
       0.5       -2.5       25.0   0.885415   0.025826   0.464083
       1.5       -2.5       25.0   0.780935   0.197563   0.592545
       2.5       -2.5       25.0    0.65238   0.267878   0.708972
       3.5       -2.5       25.0   0.531963    0.27893   0.799508
       4.5       -2.5       25.0   0.428793   0.260945   0.864895
       5.5       -2.5       25.0   0.343333   0.230903   0.910388
       6.5       -2.5       25.0   0.273437   0.197281   0.941442
      -6.5       -1.5       25.0  -0.167352  -0.514352   0.841091
      -5.5       -1.5       25.0  -0.155215  -0.632665   0.758711
      -4.5       -1.5       25.0  -0.102312  -0.764283   0.636714
      -3.5       -1.5       25.0   0.026956  -0.887318    0.46037
      -2.5       -1.5       25.0   0.286195  -0.931824   0.223153
      -1.5       -1.5       25.0   0.694031   -0.71984  -0.012311
      -0.5       -1.5       25.0   0.992244  -0.124284   0.002344
       0.5       -1.5       25.0   0.931109   0.284954   0.227677
       1.5       -1.5       25.0   0.775096   0.432896   0.460247
       2.5       -1.5       25.0   0.627999   0.446701    0.63724
       3.5       -1.5       25.0   0.505732     0.4076   0.760327
       4.5       -1.5       25.0   0.406094   0.352338   0.843176
       5.5       -1.5       25.0   0.325014   0.295946   0.898211
       6.5       -1.5       25.0   0.258947    0.24391   0.934588
      -6.5       -0.5       25.0   -0.26247  -0.495457   0.828029
      -5.5       -0.5       25.0  -0.292984  -0.612467   0.734197
      -4.5       -0.5       25.0   -0.30448  -0.748437   0.589181
      -3.5       -0.5       25.0  -0.269748  -0.892223    0.36218
      -2.5       -0.5       25.0   -0.12432  -0.992241  -0.001693
      -1.5       -0.5       25.0   0.282094  -0.796587  -0.534671
      -0.5       -0.5       25.0   0.799009   0.282548  -0.530802
       0.5       -0.5       25.0    0.72087   0.693025  -0.007965
       1.5       -0.5       25.0   0.604124   0.710518   0.360829
       2.5       -0.5       25.0   0.506148   0.628077   0.591045
       3.5       -0.5       25.0   0.421618   0.528321   0.736964
       4.5       -0.5       25.0   0.347859    0.43462   0.830722
       5.5       -0.5       25.0   0.284102   0.353181   0.891375
       6.5       -0.5       25.0   0.229665   0.284412   0.930787
      -6.5        0.5       25.0  -0.348489  -0.439813    0.82772
      -5.5        0.5       25.0  -0.422343  -0.533056   0.733129
      -4.5        0.5       25.0  -0.506817  -0.632022   0.586246
      -3.5        0.5       25.0   -0.60451  -0.713075   0.355094
      -2.5        0.5       25.0  -0.720626  -0.693182  -0.014035
      -1.5        0.5       25.0  -0.797623  -0.279209   -0.53464
      -0.5        0.5       25.0  -0.279671   0.800043  -0.530769
       0.5        0.5       25.0   0.126047   0.992013   0.004653
       1.5        0.5       25.0   0.270691   0.889453   0.368237
       2.5        0.5       25.0   0.304871   0.744226   0.594291
       3.5        0.5       25.0    0.29307   0.607461   0.738309
       4.5        0.5       25.0    0.26245   0.490012   0.831269
       5.5        0.5       25.0   0.225652   0.392637   0.891582
       6.5        0.5       25.0   0.188688   0.312918   0.930849
      -6.5        1.5       25.0  -0.407162  -0.357143   0.840636
      -5.5        1.5       25.0  -0.507051  -0.411875   0.757138
      -4.5        1.5       25.0  -0.629456  -0.450135   0.633374
      -3.5        1.5       25.0  -0.776479  -0.435003    0.45591
      -2.5        1.5       25.0   -0.93202  -0.285142   0.223679
      -1.5        1.5       25.0  -0.992019    0.12609   0.000617
      -0.5        1.5       25.0  -0.692185   0.721655  -0.009683
       0.5        1.5       25.0   -0.28391   0.931298   0.228206
       1.5        1.5       25.0  -0.025085   0.884563   0.465745
       2.5        1.5       25.0   0.103619   0.760074   0.641522
       3.5        1.5       25.0   0.156087    0.62761   0.762721
       4.5        1.5       25.0   0.167971   0.508821   0.844326
       5.5        1.5       25.0   0.159487   0.408556   0.898691
       6.5        1.5       25.0   0.141657   0.325867   0.934743
      -6.5        2.5       25.0  -0.430028  -0.265322   0.862949
      -5.5        2.5       25.0  -0.533492  -0.282709   0.797159
      -4.5        2.5       25.0  -0.654077  -0.270802   0.706293
      -3.5        2.5       25.0  -0.782539  -0.199318   0.589835
      -2.5        2.5       25.0  -0.886476  -0.026208   0.462032
      -1.5        2.5       25.0  -0.890809   0.270554   0.365048
      -0.5        2.5       25.0  -0.711057   0.604564   0.359027
       0.5        2.5       25.0  -0.432819    0.77528   0.460009
       1.5        2.5       25.0  -0.197315   0.780354   0.593393
       2.5        2.5       25.0  -0.044181   0.701526   0.711273
       3.5        2.5       25.0   0.041236   0.596726   0.801385
       4.5        2.5       25.0   0.081967   0.493256   0.866014
       5.5        2.5       25.0   0.095925   0.401252   0.910931
       6.5        2.5       25.0   0.094808   0.322983   0.941644
      -6.5        3.5       25.0  -0.420698  -0.180689   0.889025
      -5.5        3.5       25.0  -0.512522  -0.171821   0.841308
      -4.5        3.5       25.0  -0.611584    -0.1327   0.779971
      -3.5        3.5       25.0  -0.704227  -0.045964   0.708485
      -2.5        3.5       25.0  -0.762543   0.102577   0.638753
      -1.5        3.5       25.0  -0.746208   0.304548   0.591967
      -0.5        3.5       25.0  -0.629368   0.506225   0.589604
       0.5        3.5       25.0  -0.447357   0.627948    0.63683
       1.5        3.5       25.0  -0.268176   0.651788   0.709404
       2.5        3.5       25.0   -0.13031   0.608834   0.782522
       3.5        3.5       25.0  -0.039097   0.534864   0.844033
       4.5        3.5       25.0    0.01462   0.453246   0.891266
       5.5        3.5       25.0   0.042266   0.375701   0.925776
       6.5        3.5       25.0   0.053145   0.306788   0.950293
      -6.5        4.5       25.0  -0.389265  -0.112282   0.914257
      -5.5        4.5       25.0  -0.463585  -0.089355   0.881536
      -4.5        4.5       25.0  -0.537793  -0.041309   0.842064
      -3.5        4.5       25.0  -0.599599   0.039566   0.799322
      -2.5        4.5       25.0  -0.630261   0.155005   0.760752
      -1.5        4.5       25.0  -0.609695   0.292498   0.736693
      -0.5        4.5       25.0  -0.529996   0.421313   0.735935
       0.5        4.5       25.0  -0.408728   0.505342   0.759981
       1.5        4.5       25.0  -0.279671   0.531183   0.799768
       2.5        4.5       25.0  -0.168982   0.509821   0.843521
       3.5        4.5       25.0  -0.086697   0.460707   0.883308
       4.5        4.5       25.0  -0.031664   0.400239   0.915864
       5.5        4.5       25.0   0.001731   0.338691   0.940896
       6.5        4.5       25.0   0.019558    0.28127   0.959429
      -6.5        5.5       25.0  -0.346178  -0.062198   0.936105
      -5.5        5.5       25.0  -0.403136  -0.034207     0.9145
      -4.5        5.5       25.0  -0.456171   0.012484   0.889805
      -3.5        5.5       25.0  -0.496109   0.080287    0.86454
      -2.5        5.5       25.0  -0.511468   0.166742    0.84297
      -1.5        5.5       25.0  -0.492311   0.261582   0.830184
      -0.5        5.5       25.0  -0.436475   0.347163   0.830041
       0.5        5.5       25.0  -0.353747   0.405328   0.842954
       1.5        5.5       25.0  -0.262004   0.427738   0.865098
       2.5        5.5       25.0  -0.177524   0.418089   0.890891
       3.5        5.5       25.0  -0.109275   0.386492   0.915796
       4.5        5.5       25.0   -0.05931   0.343368   0.937326
       5.5        5.5       25.0  -0.025692   0.296479   0.954694
       6.5        5.5       25.0  -0.005064   0.250544   0.968092
      -6.5        6.5       25.0  -0.299244  -0.028517    0.95375
      -5.5        6.5       25.0  -0.341516  -0.000775   0.939876
      -4.5        6.5       25.0  -0.378529   0.040114    0.92472
      -3.5        6.5       25.0  -0.403997   0.094143   0.909903
      -2.5        6.5       25.0  -0.411116   0.158045   0.897778
      -1.5        6.5       25.0  -0.394913   0.224465   0.890875
      -0.5        6.5       25.0  -0.355108   0.283026   0.890951
       0.5        6.5       25.0  -0.297519   0.323876   0.898102
       1.5        6.5       25.0  -0.232181   0.341974   0.910574
       2.5        6.5       25.0  -0.169081   0.338436   0.925674
       3.5        6.5       25.0   -0.11493   0.318483   0.940936
       4.5        6.5       25.0  -0.072524   0.288434   0.954749
       5.5        6.5       25.0  -0.041797   0.253689   0.966382
       6.5        6.5       25.0  -0.021213   0.218015   0.975715
      -6.5       -6.5       26.0   0.175681  -0.281462   0.943353
      -5.5       -6.5       26.0   0.230664  -0.302148   0.924933
      -4.5       -6.5       26.0   0.295335  -0.308469   0.904226
      -3.5       -6.5       26.0   0.364645  -0.294075    0.88349
      -2.5       -6.5       26.0   0.429495  -0.255114   0.866286
      -1.5       -6.5       26.0   0.478459  -0.193382   0.856552
      -0.5       -6.5       26.0   0.501965  -0.117476   0.856873
       0.5       -6.5       26.0   0.496518   -0.04004   0.867102
       1.5       -6.5       26.0   0.465689   0.027349   0.884526
       2.5       -6.5       26.0   0.417618   0.077841   0.905282
       3.5       -6.5       26.0   0.361368   0.109874   0.925927
       4.5       -6.5       26.0   0.304306   0.125557   0.944263
       5.5       -6.5       26.0   0.251184   0.128567   0.959363
       6.5       -6.5       26.0   0.204402   0.122638   0.971174
      -6.5       -5.5       26.0   0.179483  -0.348093   0.920118
      -5.5       -5.5       26.0    0.24716  -0.381796   0.890586
      -4.5       -5.5       26.0    0.33151  -0.397363   0.855689
      -3.5       -5.5       26.0   0.426915  -0.383406   0.818989
      -2.5       -5.5       26.0   0.520062  -0.331375   0.787227
      -1.5       -5.5       26.0   0.591798   -0.24249   0.768748
      -0.5       -5.5       26.0   0.625099  -0.131475   0.769393
       0.5       -5.5       26.0   0.614345  -0.021072   0.788756
       1.5       -5.5       26.0   0.567048   0.069501   0.820747
       2.5       -5.5       26.0   0.497775   0.131311   0.857308
       3.5       -5.5       26.0   0.420865   0.164995   0.891992
       4.5       -5.5       26.0   0.346461   0.176351   0.921339
       5.5       -5.5       26.0   0.280034   0.172274   0.944406
       6.5       -5.5       26.0   0.223597   0.158602   0.961691
      -6.5       -4.5       26.0   0.167777  -0.422682   0.890613
      -5.5       -4.5       26.0    0.24662  -0.475136   0.844644
      -4.5       -4.5       26.0   0.352296  -0.506363   0.787073
      -3.5       -4.5       26.0   0.480516  -0.496776   0.722716
      -2.5       -4.5       26.0   0.613305  -0.428121   0.663753
      -1.5       -4.5       26.0   0.718809  -0.298195   0.628008
      -0.5       -4.5       26.0   0.765776  -0.132618   0.629285
       0.5       -4.5       26.0   0.745072   0.025694   0.666489
       1.5       -4.5       26.0   0.672857   0.144659   0.725491
       2.5       -4.5       26.0   0.575079   0.214941   0.789357
       3.5       -4.5       26.0   0.473336   0.243738    0.84649
       4.5       -4.5       26.0   0.380198   0.243919   0.892162
       5.5       -4.5       26.0   0.300762   0.227156   0.926252
       6.5       -4.5       26.0    0.23572   0.201703   0.950659
      -6.5       -3.5       26.0   0.133656  -0.499721   0.855812
      -5.5       -3.5       26.0    0.21734  -0.577031   0.787273
      -4.5       -3.5       26.0   0.340253  -0.632723   0.695621
      -3.5       -3.5       26.0   0.503662  -0.635509   0.585195
      -2.5       -3.5       26.0   0.687529  -0.548473   0.475901
      -1.5       -3.5       26.0   0.841451  -0.357357   0.405285
      -0.5       -3.5       26.0   0.906967  -0.105947   0.407659
       0.5       -3.5       26.0   0.868828   0.120353   0.480264
       1.5       -3.5       26.0   0.762064   0.269033   0.588965
       2.5       -3.5       26.0   0.631017   0.337744   0.698388
       3.5       -3.5       26.0    0.50478   0.349278   0.789431
       4.5       -3.5       26.0   0.395949   0.328144    0.85764
       5.5       -3.5       26.0   0.307236   0.291723   0.905817
       6.5       -3.5       26.0   0.236999    0.25013   0.938758
      -6.5       -2.5       26.0   0.071333  -0.569019   0.819225
      -5.5       -2.5       26.0   0.146438  -0.674853   0.723276
      -4.5       -2.5       26.0   0.270825   -0.76379     0.5859
      -3.5       -2.5       26.0   0.457012  -0.791675    0.40545
      -2.5       -2.5       26.0   0.692268  -0.691042    0.20791
      -1.5       -2.5       26.0   0.907722  -0.414152   0.067222
      -0.5       -2.5       26.0   0.997067  -0.028673   0.070953
       0.5       -2.5       26.0   0.933756   0.287326   0.213408
       1.5       -2.5       26.0   0.790696    0.45522    0.40936
       2.5       -2.5       26.0   0.634407    0.50107   0.588606
       3.5       -2.5       26.0   0.495664     0.4774   0.725539
       4.5       -2.5       26.0   0.382352   0.423462   0.821272
       5.5       -2.5       26.0   0.293115   0.360964   0.885319
       6.5       -2.5       26.0   0.223985   0.299955   0.927285
      -6.5       -1.5       26.0  -0.019779  -0.616188   0.787351
      -5.5       -1.5       26.0   0.026767  -0.746935   0.664358
      -4.5       -1.5       26.0   0.121249   -0.87039   0.477201
      -3.5       -1.5       26.0   0.288031  -0.934452   0.209375
      -2.5       -1.5       26.0   0.535259  -0.836131  -0.119924
      -1.5       -1.5       26.0   0.798969  -0.458668  -0.388936
      -0.5       -1.5       26.0   0.914729   0.122686  -0.384993
       0.5       -1.5       26.0   0.836973   0.534941  -0.115388
       1.5       -1.5       26.0   0.691298   0.690682   0.212285
       2.5       -1.5       26.0     0.5483   0.685036   0.479679
       3.5       -1.5       26.0   0.427691   0.610235   0.666853
       4.5       -1.5       26.0   0.330819   0.516629   0.789717
       5.5       -1.5       26.0   0.254518   0.425821   0.868272
       6.5       -1.5       26.0   0.195019    0.34518   0.918051
      -6.5       -0.5       26.0  -0.130646  -0.626642   0.768279
      -5.5       -0.5       26.0  -0.132197  -0.767285   0.627532
      -4.5       -0.5       26.0  -0.105946  -0.908123   0.405078
      -3.5       -0.5       26.0  -0.029131  -0.997292   0.067525
      -2.5       -0.5       26.0   0.121634  -0.913281  -0.388745
      -1.5       -0.5       26.0   0.332255  -0.463207  -0.821611
      -0.5       -0.5       26.0   0.466512   0.334079  -0.818998
       0.5       -0.5       26.0   0.461139   0.799409  -0.385093
       1.5       -0.5       26.0   0.415687   0.906712   0.071257
       2.5       -0.5       26.0   0.358147   0.839349    0.40893
       3.5       -0.5       26.0   0.298479   0.715994   0.631081
       4.5       -0.5       26.0   0.242461   0.588531   0.771262
       5.5       -0.5       26.0   0.193179   0.474891   0.858581
       6.5       -0.5       26.0   0.151654   0.378937   0.912912
      -6.5        0.5       26.0  -0.241933    -0.5929   0.768075
      -5.5        0.5       26.0  -0.298176   -0.71978   0.626904
      -4.5        0.5       26.0  -0.357925  -0.841989   0.403664
      -3.5        0.5       26.0   -0.41535  -0.907322   0.065201
      -2.5        0.5       26.0  -0.460498  -0.797045  -0.390719
      -1.5        0.5       26.0   -0.46545   -0.32878  -0.821742
      -0.5        0.5       26.0  -0.330608   0.468752  -0.819127
       0.5        0.5       26.0  -0.119766   0.915946  -0.383014
       1.5        0.5       26.0   0.030801   0.996791   0.073885
       2.5        0.5       26.0    0.10733   0.905434   0.410694
       3.5        0.5       26.0    0.13342   0.763368   0.632035
       4.5        0.5       26.0   0.131873    0.62211   0.771744
       5.5        0.5       26.0   0.117614   0.498586   0.858824
       6.5        0.5       26.0   0.099001   0.395667   0.913043
      -6.5        1.5       26.0  -0.330818  -0.520671   0.787059
      -5.5        1.5       26.0  -0.428106  -0.613684   0.663413
      -4.5        1.5       26.0  -0.549024  -0.687417   0.475427
      -3.5        1.5       26.0  -0.692113  -0.691306   0.207547
      -2.5        1.5       26.0  -0.837518  -0.533169  -0.119561
      -1.5        1.5       26.0  -0.914506   -0.11871  -0.386765
      -0.5        1.5       26.0  -0.797492   0.462967   -0.38687
       0.5        1.5       26.0  -0.532857   0.838352  -0.115021
       1.5        1.5       26.0  -0.285449   0.933936   0.215132
       2.5        1.5       26.0  -0.118898   0.867783   0.482509
       3.5        1.5       26.0  -0.024682   0.743072   0.668756
       4.5        1.5       26.0   0.021716   0.611665   0.790819
       5.5        1.5       26.0   0.040413   0.493362   0.868885
       6.5        1.5       26.0   0.044354    0.39315   0.918404
      -6.5        2.5       26.0  -0.382583  -0.427087   0.819284
      -5.5        2.5       26.0  -0.496385  -0.480407   0.723056
      -4.5        2.5       26.0  -0.635508  -0.503089   0.585689
      -3.5        2.5       26.0  -0.791918  -0.455792    0.40635
      -2.5        2.5       26.0  -0.934642  -0.286149   0.211099
      -1.5        2.5       26.0  -0.997025   0.031262   0.070461
      -0.5        2.5       26.0  -0.906319   0.416883   0.069244
       0.5        2.5       26.0  -0.689726   0.692361    0.21193
       1.5        2.5       26.0  -0.454003   0.790927   0.410263
       2.5        2.5       26.0  -0.267865   0.761263   0.590531
       3.5        2.5       26.0  -0.143704   0.671141   0.727269
       4.5        2.5       26.0  -0.068794   0.564622   0.822478
       5.5        2.5       26.0  -0.026861   0.462737   0.886089
       6.5        2.5       26.0  -0.005223   0.373095   0.927779
      -6.5        3.5       26.0  -0.396099  -0.331373   0.856328
      -5.5        3.5       26.0  -0.505376  -0.351892   0.787888
      -4.5        3.5       26.0  -0.631923  -0.339487   0.696722
      -3.5        3.5       26.0     -0.763  -0.269655   0.587467
      -2.5        3.5       26.0  -0.869355  -0.119792   0.479449
      -1.5        3.5       26.0  -0.906597   0.107329    0.40812
      -0.5        3.5       26.0  -0.839891   0.358712   0.407319
       0.5        3.5       26.0  -0.684928   0.548843   0.479213
       1.5        3.5       26.0  -0.500499   0.634394   0.589105
       2.5        3.5       26.0   -0.33698   0.630204    0.69949
       3.5        3.5       26.0  -0.214186   0.573473   0.790729
       4.5        3.5       26.0  -0.130667   0.495499   0.858724
       5.5        3.5       26.0  -0.077338   0.414814   0.906614
       6.5        3.5       26.0  -0.044869   0.340073   0.939328
      -6.5        4.5       26.0  -0.380022  -0.246851    0.89143
      -5.5        4.5       26.0  -0.473502    -0.2461   0.845713
      -4.5        4.5       26.0  -0.575437  -0.216585   0.788647
      -3.5        4.5       26.0  -0.673147  -0.145482   0.725057
      -2.5        4.5       26.0  -0.744944  -0.025756    0.66663
      -1.5        4.5       26.0  -0.764883   0.132997   0.630291
      -0.5        4.5       26.0  -0.716968   0.298454   0.629986
       0.5        4.5       26.0  -0.610616   0.427667   0.666521
       1.5        4.5       26.0  -0.477292   0.495261   0.725884
       2.5        4.5       26.0  -0.348874   0.503781   0.790248
       3.5        4.5       26.0  -0.243217   0.471691   0.847557
       4.5        4.5       26.0  -0.164478    0.41863   0.893138
       5.5        4.5       26.0  -0.109422    0.35864    0.92704
       6.5        4.5       26.0  -0.072589   0.299692   0.951271
      -6.5        5.5       26.0  -0.345823  -0.179111   0.921046
      -5.5        5.5       26.0  -0.420457  -0.167262   0.891762
      -4.5        5.5       26.0  -0.497454  -0.133013   0.857232
      -3.5        5.5       26.0    -0.5666  -0.070627    0.82096
      -2.5        5.5       26.0  -0.613515    0.02042   0.789419
      -1.5        5.5       26.0  -0.623657    0.13104   0.770636
      -0.5        5.5       26.0  -0.589634   0.241897   0.770596
       0.5        5.5       26.0  -0.517238   0.330252   0.789555
       1.5        5.5       26.0  -0.423634   0.381518   0.821571
       2.5        5.5       26.0  -0.328005   0.394673   0.858281
       3.5        5.5       26.0  -0.243608   0.378412   0.893006
       4.5        5.5       26.0  -0.175976   0.344181   0.922264
       5.5        5.5       26.0   -0.12519    0.30159   0.945183
       6.5        5.5       26.0  -0.088761   0.257021   0.962321
      -6.5        6.5       26.0  -0.303162  -0.128258   0.944268
      -5.5        6.5       26.0   -0.36036  -0.112167   0.926045
      -4.5        6.5       26.0  -0.416624  -0.079705   0.905578
      -3.5        6.5       26.0  -0.464546  -0.028816    0.88508
      -2.5        6.5       26.0  -0.495049   0.038861   0.867996
      -1.5        6.5       26.0   -0.50002   0.116389   0.858157
      -0.5        6.5       26.0  -0.475972   0.192134   0.858216
       0.5        6.5       26.0  -0.426508   0.253463   0.868244
       1.5        6.5       26.0  -0.361286   0.291864     0.8856
       2.5        6.5       26.0  -0.291762   0.305655   0.906339
       3.5        6.5       26.0  -0.227012   0.298785   0.926927
       4.5        6.5       26.0  -0.172034   0.277654   0.945152
       5.5        6.5       26.0  -0.128297    0.24843   0.960116
       6.5        6.5       26.0   -0.09513   0.215779   0.971797
      -6.5       -6.5       27.0    0.26514  -0.228657   0.936705
      -5.5       -6.5       27.0   0.327651  -0.236271   0.914779
      -4.5       -6.5       27.0   0.396143  -0.226764   0.889747
      -3.5       -6.5       27.0   0.463662   -0.19462   0.864373
      -2.5       -6.5       27.0   0.519722  -0.137957   0.843123
      -1.5       -6.5       27.0   0.552903  -0.061355   0.830984
      -0.5       -6.5       27.0    0.55532   0.023943   0.831292
       0.5       -6.5       27.0   0.526307   0.103692   0.843948
       1.5       -6.5       27.0   0.472567   0.166129   0.865495
       2.5       -6.5       27.0   0.404899   0.205613   0.890943
       3.5       -6.5       27.0   0.333963   0.222727   0.915894
       4.5       -6.5       27.0   0.267526   0.221901   0.937651
       5.5       -6.5       27.0   0.209839   0.208691   0.955204
       6.5       -6.5       27.0   0.162363    0.18803    0.96865
      -6.5       -5.5       27.0   0.289213  -0.299594   0.909175
      -5.5       -5.5       27.0   0.368553  -0.318541   0.873327
      -4.5       -5.5       27.0   0.460065  -0.314554   0.830299
      -3.5       -5.5       27.0   0.554805  -0.276861   0.784563
      -2.5       -5.5       27.0   0.636808  -0.199781    0.74469
      -1.5       -5.5       27.0   0.686914   -0.08922   0.721242
      -0.5       -5.5       27.0   0.691273   0.035749   0.721709
       0.5       -5.5       27.0   0.648921   0.150111   0.745901
       1.5       -5.5       27.0   0.571849   0.234492   0.786131
       2.5       -5.5       27.0   0.478062   0.281828   0.831883
       3.5       -5.5       27.0   0.383696   0.296013    0.87473
       4.5       -5.5       27.0   0.298987   0.286231   0.910318
       5.5       -5.5       27.0   0.228346   0.261926   0.937685
       6.5       -5.5       27.0   0.172294   0.230379   0.957727
      -6.5       -4.5       27.0   0.298677  -0.384595   0.873429
      -5.5       -4.5       27.0   0.394196   -0.42157   0.816632
      -4.5       -4.5       27.0   0.511124   -0.42941   0.744553
      -3.5       -4.5       27.0   0.639409   -0.38831   0.663605
      -2.5       -4.5       27.0   0.756033  -0.284351   0.589542
      -1.5       -4.5       27.0   0.829619  -0.123796   0.544433
      -0.5       -4.5       27.0   0.836138   0.060715   0.545149
       0.5       -4.5       27.0   0.774584   0.224383   0.591331
       1.5       -4.5       27.0   0.666423   0.335519   0.665813
       2.5       -4.5       27.0   0.540809   0.387307   0.746672
       3.5       -4.5       27.0   0.420658   0.391445   0.818424
       4.5       -4.5       27.0   0.317946    0.36547   0.874838
       5.5       -4.5       27.0   0.235985   0.324343   0.916031
       6.5       -4.5       27.0   0.173399   0.277953   0.944815
      -6.5       -3.5       27.0   0.284066  -0.479209   0.830461
      -5.5       -3.5       27.0   0.389576  -0.542004   0.744623
      -4.5       -3.5       27.0   0.527711  -0.570834   0.629023
      -3.5       -3.5       27.0   0.689878  -0.532058     0.4909
      -2.5       -3.5       27.0   0.846179  -0.395608   0.357037
      -1.5       -3.5       27.0   0.948236  -0.164144   0.271856
      -0.5       -3.5       27.0   0.956034   0.107394   0.272885
       0.5       -3.5       27.0   0.869694   0.338159   0.359557
       1.5       -3.5       27.0   0.726424   0.477866   0.493915
       2.5       -3.5       27.0    0.56988   0.525415   0.631804
       3.5       -3.5       27.0   0.428705   0.508292   0.746894
       4.5       -3.5       27.0   0.314131   0.456893   0.832208
       5.5       -3.5       27.0   0.226619   0.392757   0.891283
       6.5       -3.5       27.0   0.162183   0.327872   0.930697
      -6.5       -2.5       27.0   0.236198  -0.573145   0.784676
      -5.5       -2.5       27.0   0.337134  -0.667799   0.663615
      -4.5       -2.5       27.0   0.479377  -0.727529   0.490815
      -3.5       -2.5       27.0   0.659596  -0.701271   0.270465
      -2.5       -2.5       27.0    0.84556  -0.532191   0.042443
      -1.5       -2.5       27.0   0.971586  -0.209181  -0.110746
      -0.5       -2.5       27.0   0.977385    0.18093  -0.109467
       0.5       -2.5       27.0   0.867754   0.494885   0.045747
       1.5       -2.5       27.0   0.700948   0.658311   0.274407
       2.5       -2.5       27.0   0.531725   0.687663   0.494357
       3.5       -2.5       27.0   0.388077   0.636587   0.666448
       4.5       -2.5       27.0   0.276789   0.551618   0.786833
       5.5       -2.5       27.0   0.194736   0.460254   0.866166
       6.5       -2.5       27.0   0.135987    0.37513   0.916943
      -6.5       -1.5       27.0    0.15123    -0.6502    0.74456
      -5.5       -1.5       27.0   0.225221  -0.775957   0.589209
      -4.5       -1.5       27.0   0.338678  -0.870767   0.356458
      -3.5       -1.5       27.0   0.494954  -0.867916   0.041744
      -2.5       -1.5       27.0    0.66864  -0.677622  -0.306184
      -1.5       -1.5       27.0   0.790445   -0.25895  -0.555105
      -0.5       -1.5       27.0   0.788055    0.26908  -0.553684
       0.5       -1.5       27.0   0.678919   0.669271  -0.301903
       1.5       -1.5       27.0   0.533073   0.844776   0.046761
       2.5       -1.5       27.0   0.396193   0.844283   0.360857
       3.5       -1.5       27.0   0.284789   0.753404   0.592687
       4.5       -1.5       27.0   0.200193   0.633737   0.747195
       5.5       -1.5       27.0   0.138423   0.516385   0.845095
       6.5       -1.5       27.0   0.094517    0.41304   0.905795
      -6.5       -0.5       27.0    0.03633  -0.692332   0.720664
      -5.5       -0.5       27.0   0.060808  -0.837261   0.543412
      -4.5       -0.5       27.0   0.106918  -0.956826   0.270281
      -3.5       -0.5       27.0    0.17977  -0.977217  -0.112825
      -2.5       -0.5       27.0   0.267104  -0.786341  -0.557067
      -1.5       -0.5       27.0   0.326043  -0.308597  -0.893568
      -0.5       -0.5       27.0   0.311705   0.328813  -0.891472
       0.5       -0.5       27.0   0.261585   0.791985  -0.551664
       1.5       -0.5       27.0     0.2112   0.971586  -0.106845
       2.5       -0.5       27.0   0.165626   0.946917    0.27553
       3.5       -0.5       27.0   0.124912   0.827384    0.54757
       4.5       -0.5       27.0   0.090134   0.684104   0.723794
       5.5       -0.5       27.0   0.062192   0.549738   0.833019
       6.5       -0.5       27.0   0.041055   0.434835   0.899574
      -6.5        0.5       27.0  -0.088993  -0.687565   0.720648
      -5.5        0.5       27.0  -0.124204   -0.83026   0.543362
      -4.5        0.5       27.0  -0.165286  -0.948505    0.27022
      -3.5        0.5       27.0  -0.211122  -0.970935  -0.112754
      -2.5        0.5       27.0  -0.261633  -0.788402   -0.55675
      -1.5        0.5       27.0  -0.311679  -0.322826  -0.893667
      -0.5        0.5       27.0    -0.3256   0.314785  -0.891569
       0.5        0.5       27.0  -0.266117   0.790299  -0.551914
       1.5        0.5       27.0   -0.17843   0.978158  -0.106632
       2.5        0.5       27.0  -0.105397   0.955373   0.275959
       3.5        0.5       27.0   -0.05913   0.834401   0.547977
       4.5        0.5       27.0  -0.034441   0.688817   0.724117
       5.5        0.5       27.0  -0.022788   0.552401   0.833267
       6.5        0.5       27.0  -0.017688   0.436006    0.89977
      -6.5        1.5       27.0  -0.199631  -0.636945   0.744613
      -5.5        1.5       27.0  -0.284851  -0.756064    0.58926
      -4.5        1.5       27.0  -0.396824  -0.845806   0.356571
      -3.5        1.5       27.0   -0.53409  -0.844381   0.042049
      -2.5        1.5       27.0  -0.679958  -0.666401  -0.305885
      -1.5        1.5       27.0  -0.788592  -0.264138  -0.555296
      -0.5        1.5       27.0  -0.789948   0.264265  -0.553304
       0.5        1.5       27.0  -0.667037   0.681248  -0.301601
       1.5        1.5       27.0  -0.492669   0.868923   0.047439
       2.5        1.5       27.0  -0.336148   0.869519    0.36186
       3.5        1.5       27.0  -0.222634   0.773287   0.593684
       4.5        1.5       27.0  -0.148589   0.646815   0.748032
       5.5        1.5       27.0  -0.102325    0.52365   0.845766
       6.5        1.5       27.0  -0.073428   0.416121    0.90634
      -6.5        2.5       27.0  -0.276501  -0.554428   0.784956
      -5.5        2.5       27.0  -0.388489  -0.638859    0.66403
      -4.5        2.5       27.0  -0.532769   -0.68894   0.491446
      -3.5        2.5       27.0  -0.702379  -0.658041   0.271378
      -2.5        2.5       27.0  -0.869094  -0.492736   0.043436
      -1.5        2.5       27.0  -0.977998  -0.177268  -0.109985
      -0.5        2.5       27.0   -0.97094   0.213138  -0.108845
       0.5        2.5       27.0  -0.843601   0.534964   0.046374
       1.5        2.5       27.0  -0.656758   0.702045   0.275323
       2.5        2.5       27.0  -0.476173   0.726419   0.495555
       3.5        2.5       27.0  -0.333858   0.665387   0.667682
       4.5        2.5       27.0  -0.232929   0.570004   0.787934
       5.5        2.5       27.0  -0.164662   0.470133   0.867099
       6.5        2.5       27.0  -0.118992    0.37896   0.917731
      -6.5        3.5       27.0   -0.31378  -0.459267   0.831033
      -5.5        3.5       27.0     -0.429   -0.51014   0.745464
      -4.5        3.5       27.0   -0.57072  -0.526415   0.630212
      -3.5        3.5       27.0  -0.727534  -0.477684   0.492456
      -2.5        3.5       27.0    -0.8706  -0.336665   0.358764
      -1.5        3.5       27.0  -0.956172  -0.104922   0.273362
      -0.5        3.5       27.0  -0.947189   0.166763   0.273904
       0.5        3.5       27.0   -0.84391   0.397401     0.3604
       1.5        3.5       27.0  -0.686725   0.532425   0.494907
       2.5        3.5       27.0  -0.524117   0.569755   0.632993
       3.5        3.5       27.0  -0.385849   0.539827   0.748136
       4.5        3.5       27.0  -0.280333   0.476347   0.833371
       5.5        3.5       27.0  -0.204136   0.402614   0.892318
       6.5        3.5       27.0  -0.150294   0.330944   0.931605
      -6.5        4.5       27.0  -0.317264  -0.367462   0.874251
      -5.5        4.5       27.0  -0.420491  -0.392948   0.817789
      -4.5        4.5       27.0  -0.541031   -0.38812   0.746089
      -3.5        4.5       27.0  -0.666771  -0.335474   0.665488
      -2.5        4.5       27.0  -0.774665  -0.223474   0.591568
      -1.5        4.5       27.0  -0.835527  -0.059226   0.546248
      -0.5        4.5       27.0  -0.828026   0.125313   0.546507
       0.5        4.5       27.0  -0.753434    0.28528   0.592413
       1.5        4.5       27.0  -0.636036   0.388245   0.666877
       2.5        4.5       27.0  -0.507305   0.428284   0.747807
       3.5        4.5       27.0  -0.390193    0.41957   0.819579
       4.5        4.5       27.0   -0.29463   0.381991   0.875943
       5.5        4.5       27.0  -0.221293   0.331743   0.917047
       6.5        4.5       27.0  -0.166719   0.278908   0.945735
      -6.5        5.5       27.0  -0.297819  -0.287943   0.910161
      -5.5        5.5       27.0  -0.382898  -0.297297   0.874645
      -4.5        5.5       27.0  -0.477502  -0.282574   0.831952
      -3.5        5.5       27.0  -0.571305  -0.234638   0.786483
      -2.5        5.5       27.0  -0.648098  -0.149711   0.746697
      -1.5        5.5       27.0  -0.689877  -0.035026   0.723079
      -0.5        5.5       27.0  -0.684754   0.089901   0.723208
       0.5        5.5       27.0  -0.633871   0.200034   0.747124
       1.5        5.5       27.0  -0.551238   0.276418   0.787229
       2.5        5.5       27.0  -0.456092   0.313346   0.832943
       3.5        5.5       27.0  -0.364375   0.316659   0.875761
       4.5        5.5       27.0  -0.284957   0.297205   0.911301
       5.5        5.5       27.0   -0.22053   0.265303   0.938606
       6.5        5.5       27.0  -0.170196    0.22838    0.95858
      -6.5        6.5       27.0  -0.265817  -0.223438   0.937772
      -5.5        6.5       27.0  -0.332499  -0.223907   0.916139
      -4.5        6.5       27.0  -0.403561  -0.206387   0.891372
      -3.5        6.5       27.0   -0.47118  -0.166491   0.866181
      -2.5        6.5       27.0  -0.524661  -0.103716    0.84497
      -1.5        6.5       27.0  -0.553221  -0.023798   0.832695
      -0.5        6.5       27.0  -0.550227   0.061427   0.832752
       0.5        6.5       27.0  -0.516461    0.13771   0.845165
       1.5        6.5       27.0  -0.459908   0.193881   0.866542
       2.5        6.5       27.0  -0.392044   0.225471   0.891888
       3.5        6.5       27.0   -0.32335   0.234465   0.916772
       4.5        6.5       27.0  -0.260741   0.226436   0.938478
       5.5        6.5       27.0  -0.207387   0.207565   0.955985
       6.5        6.5       27.0  -0.163811    0.18291   0.969386
      -6.5       -6.5       28.0   0.326585  -0.138663   0.934941
      -5.5       -6.5       28.0   0.390248  -0.130422   0.911425
      -4.5       -6.5       28.0   0.455158   -0.10432   0.884279
      -3.5       -6.5       28.0   0.513022  -0.056448   0.856518
      -2.5       -6.5       28.0   0.552965   0.012768   0.833106
      -1.5       -6.5       28.0   0.564719   0.096323   0.819643
      -0.5       -6.5       28.0   0.543016   0.181285   0.819921
       0.5       -6.5       28.0   0.490522    0.25302   0.833888
       1.5       -6.5       28.0   0.417077    0.30081   0.857648
       2.5       -6.5       28.0   0.335595   0.321256   0.885534
       3.5       -6.5       28.0   0.257391   0.317693    0.91259
       4.5       -6.5       28.0   0.189584   0.296981   0.935874
       5.5       -6.5       28.0   0.135055   0.266282   0.954387
       6.5       -6.5       28.0   0.093761   0.231268   0.968361
      -6.5       -5.5       28.0   0.371808  -0.204484   0.905508
      -5.5       -5.5       28.0   0.455371   -0.20441   0.866518
      -4.5       -5.5       28.0   0.544765  -0.179334   0.819189
      -3.5       -5.5       28.0   0.628424  -0.120455   0.768488
      -2.5       -5.5       28.0   0.689279  -0.025534   0.724046
      -1.5       -5.5       28.0   0.709949   0.095658   0.697726
      -0.5       -5.5       28.0    0.68099   0.221434   0.698012
       0.5       -5.5       28.0   0.606695   0.326273   0.724891
       1.5       -5.5       28.0   0.503579   0.392245   0.769774
       2.5       -5.5       28.0   0.392409   0.415407   0.820641
       3.5       -5.5       28.0   0.289829   0.403547   0.867842
       4.5       -5.5       28.0   0.204716   0.369198   0.906523
       5.5       -5.5       28.0   0.139265   0.323834   0.935808
       6.5       -5.5       28.0    0.09182   0.275483   0.956911
      -6.5       -4.5       28.0   0.405926  -0.289988   0.866678
      -5.5       -4.5       28.0    0.50994  -0.305557   0.804112
      -4.5       -4.5       28.0   0.626903  -0.287844   0.723975
      -3.5       -4.5       28.0   0.741869  -0.219226   0.633696
      -2.5       -4.5       28.0   0.829411  -0.091025   0.551173
      -1.5       -4.5       28.0   0.861461   0.084161   0.500801
      -0.5       -4.5       28.0   0.822164   0.270175   0.501052
       0.5       -4.5       28.0   0.718814   0.422528   0.552065
       1.5       -4.5       28.0   0.578521   0.511628   0.635256
       2.5       -4.5       28.0   0.433144   0.534396   0.725815
       3.5       -4.5       28.0   0.305348   0.507456   0.805761
       4.5       -4.5       28.0   0.204631   0.452648   0.867891
       5.5       -4.5       28.0   0.131036   0.387398   0.912552
       6.5       -4.5       28.0   0.080288   0.322298   0.943227
      -6.5       -3.5       28.0   0.417432  -0.392941   0.819358
      -5.5       -3.5       28.0   0.536472  -0.433781   0.723901
      -4.5       -3.5       28.0   0.676918  -0.433576   0.594806
      -3.5       -3.5       28.0   0.821538  -0.360656   0.441592
      -2.5       -3.5       28.0    0.93567  -0.193303    0.29522
      -1.5       -3.5       28.0   0.977634   0.054789    0.20305
      -0.5       -3.5       28.0   0.923561   0.325146   0.203261
       0.5       -3.5       28.0   0.786448   0.541926   0.296337
       1.5       -3.5       28.0   0.608234   0.658065   0.443849
       2.5       -3.5       28.0   0.433124   0.674857   0.597471
       3.5       -3.5       28.0   0.287802   0.624365   0.726181
       4.5       -3.5       28.0   0.179699   0.541973   0.820959
       5.5       -3.5       28.0   0.105054   0.452245   0.885685
       6.5       -3.5       28.0    0.05645   0.367965   0.928124
      -6.5       -2.5       28.0    0.39378    -0.5044   0.768452
      -5.5       -2.5       28.0   0.513084   -0.57951   0.633176
      -4.5       -2.5       28.0   0.659353  -0.609027   0.440841
      -3.5       -2.5       28.0   0.815501  -0.542783   0.200858
      -2.5       -2.5       28.0   0.940547  -0.337439  -0.038811
      -1.5       -2.5       28.0   0.980879  -0.002361  -0.194602
      -0.5       -2.5       28.0   0.906772   0.374233  -0.194203
       0.5       -2.5       28.0   0.741557   0.669885  -0.036702
       1.5       -2.5       28.0   0.542692   0.814602   0.204716
       2.5       -2.5       28.0   0.360763   0.819675   0.444953
       3.5       -2.5       28.0   0.219608   0.739419   0.636421
       4.5       -2.5       28.0   0.121134   0.625668   0.770627
       5.5       -2.5       28.0   0.057414   0.510124   0.858182
       6.5       -2.5       28.0   0.018878   0.406848   0.913301
      -6.5       -1.5       28.0   0.327218   -0.60764   0.723672
      -5.5       -1.5       28.0   0.423195  -0.719972   0.550042
      -4.5       -1.5       28.0   0.542185  -0.787404    0.29331
      -3.5       -1.5       28.0   0.669504  -0.741697  -0.040613
      -2.5       -1.5       28.0   0.766017  -0.512653   -0.38782
      -1.5       -1.5       28.0   0.778113  -0.096209  -0.620713
      -0.5       -1.5       28.0   0.681063   0.390162  -0.619619
       0.5       -1.5       28.0   0.513808   0.767319  -0.383697
       1.5       -1.5       28.0   0.338431   0.940355  -0.034593
       2.5       -1.5       28.0   0.194241   0.934288   0.298959
       3.5       -1.5       28.0   0.092013   0.827267   0.554223
       4.5       -1.5       28.0   0.026647   0.686716   0.726437
       5.5       -1.5       28.0   -0.01149   0.550191   0.834959
       6.5       -1.5       28.0  -0.031172   0.432232   0.901223
      -6.5       -0.5       28.0   0.221798  -0.681829   0.697076
      -5.5       -0.5       28.0   0.270038  -0.823214   0.499398
      -4.5       -0.5       28.0   0.324344    -0.9244   0.200715
      -3.5       -0.5       28.0   0.372565  -0.906754  -0.197465
      -2.5       -0.5       28.0    0.38749  -0.679677  -0.622809
      -1.5       -0.5       28.0   0.337321  -0.220487  -0.915205
      -0.5       -0.5       28.0   0.223029   0.340855  -0.913278
       0.5       -0.5       28.0   0.098501   0.780437  -0.617427
       1.5       -0.5       28.0   0.004345   0.981619    -0.1908
       2.5       -0.5       28.0  -0.053056   0.976973   0.206659
       3.5       -0.5       28.0  -0.082571   0.859827   0.503865
       4.5       -0.5       28.0  -0.094102   0.707732   0.700186
       5.5       -0.5       28.0   -0.09472   0.562178   0.821574
       6.5       -0.5       28.0    -0.0889   0.438196   0.894473
      -6.5        0.5       28.0    0.09559  -0.710447   0.697229
      -5.5        0.5       28.0   0.083435  -0.862113   0.499801
      -4.5        0.5       28.0   0.053236   -0.97805   0.201456
      -3.5        0.5       28.0  -0.004857  -0.980481  -0.196552
      -2.5        0.5       28.0  -0.099576  -0.776467  -0.622241
      -1.5        0.5       28.0  -0.224303  -0.334689  -0.915244
      -0.5        0.5       28.0  -0.338225   0.226843  -0.913316
       0.5        0.5       28.0  -0.387604    0.68408  -0.617898
       1.5        0.5       28.0  -0.371856   0.908338   -0.19143
       2.5        0.5       28.0  -0.322985   0.923647   0.206291
       3.5        0.5       28.0  -0.268189   0.821114   0.503831
       4.5        0.5       28.0  -0.219544   0.679198    0.70035
       5.5        0.5       28.0  -0.179412   0.540776   0.821811
       6.5        0.5       28.0  -0.146567   0.421899   0.894717
      -6.5        1.5       28.0  -0.025773  -0.689265   0.724051
      -5.5        1.5       28.0  -0.091949  -0.829456   0.550952
      -4.5        1.5       28.0  -0.195032   -0.93545   0.294781
      -3.5        1.5       28.0  -0.339967   -0.93962  -0.039196
      -2.5        1.5       28.0  -0.515715  -0.764114  -0.387514
      -1.5        1.5       28.0  -0.682701   -0.38493  -0.621086
      -0.5        1.5       28.0  -0.778796   0.101865  -0.618951
       0.5        1.5       28.0   -0.76542   0.516863  -0.383388
       1.5        1.5       28.0  -0.667813   0.743504   -0.03504
       2.5        1.5       28.0  -0.539806   0.787043   0.298616
       3.5        1.5       28.0  -0.420438    0.71825    0.55439
       4.5        1.5       28.0  -0.324221   0.605303   0.726973
       5.5        1.5       28.0  -0.250978   0.488588   0.835639
       6.5        1.5       28.0  -0.195707   0.385036   0.901913
      -6.5        2.5       28.0  -0.120583  -0.627841   0.768945
      -5.5        2.5       28.0  -0.219932  -0.741254    0.63417
      -4.5        2.5       28.0  -0.361974  -0.820651   0.442161
      -3.5        2.5       28.0  -0.544596  -0.814068   0.201765
      -2.5        2.5       28.0  -0.743653   -0.66743   -0.03895
      -1.5        2.5       28.0  -0.908327  -0.370188  -0.194687
      -0.5        2.5       28.0  -0.981226   0.006838  -0.192742
       0.5        2.5       28.0   -0.93943   0.340951  -0.034972
       1.5        2.5       28.0  -0.813169   0.544495   0.205626
       2.5        2.5       28.0   -0.65628   0.608965   0.445486
       3.5        2.5       28.0  -0.509656   0.578219   0.637114
       4.5        2.5       28.0  -0.390186   0.502467   0.771545
       5.5        2.5       28.0  -0.298701   0.415392   0.859202
       6.5        2.5       28.0  -0.229907   0.333433   0.914311
      -6.5        3.5       28.0  -0.179135  -0.543661   0.819965
      -5.5        3.5       28.0  -0.288044  -0.625716   0.724921
      -4.5        3.5       28.0  -0.434132  -0.675498   0.596014
      -3.5        3.5       28.0  -0.609767  -0.657569   0.442479
      -2.5        3.5       28.0  -0.788006  -0.540065   0.295594
      -1.5        3.5       28.0   -0.92449  -0.322185   0.203752
      -0.5        3.5       28.0   -0.97739  -0.051508   0.205074
       0.5        3.5       28.0  -0.934066   0.195962   0.298528
       1.5        3.5       28.0  -0.818786   0.362071   0.445526
       2.5        3.5       28.0  -0.673434   0.433671   0.598679
       3.5        3.5       28.0  -0.532622   0.432868   0.727282
       4.5        3.5       28.0  -0.413425   0.391425   0.822111
       5.5        3.5       28.0  -0.319151   0.334069   0.886871
       6.5        3.5       28.0  -0.246609   0.274973   0.929287
      -6.5        4.5       28.0  -0.203782  -0.453855   0.867461
      -5.5        4.5       28.0  -0.305149  -0.508333   0.805284
      -4.5        4.5       28.0  -0.433512  -0.534701   0.725371
      -3.5        4.5       28.0  -0.579214  -0.511114   0.635038
      -2.5        4.5       28.0  -0.719412  -0.421106   0.552373
      -1.5        4.5       28.0  -0.822166  -0.268055   0.502185
      -0.5        4.5       28.0  -0.860476   -0.08185   0.502873
       0.5        4.5       28.0  -0.827308    0.09293   0.554009
       1.5        4.5       28.0    -0.7388   0.220305   0.636899
       2.5        4.5       28.0  -0.623173   0.287993   0.727128
       3.5        4.5       28.0  -0.505844   0.304933   0.806931
       4.5        4.5       28.0  -0.401658   0.288844   0.869046
       5.5        4.5       28.0  -0.315626   0.255934   0.913717
       6.5        4.5       28.0  -0.247066   0.217058   0.944375
      -6.5        5.5       28.0  -0.203418  -0.369995    0.90649
      -5.5        5.5       28.0  -0.289008  -0.404042   0.867885
      -4.5        5.5       28.0  -0.391962  -0.415454   0.820831
      -3.5        5.5       28.0  -0.503291  -0.391723   0.770228
      -2.5        5.5       28.0  -0.606249  -0.325169    0.72576
      -1.5        5.5       28.0  -0.680036  -0.219911   0.699421
      -0.5        5.5       28.0  -0.708225   -0.09404   0.699695
       0.5        5.5       28.0  -0.686696   0.026879   0.726447
       1.5        5.5       28.0  -0.625079   0.121253   0.771086
       2.5        5.5       28.0  -0.540864   0.179492   0.821736
       3.5        5.5       28.0  -0.451127   0.203996   0.868833
       4.5        5.5       28.0   -0.36738   0.203645   0.907503
       5.5        5.5       28.0  -0.294958   0.188123   0.936808
       6.5        5.5       28.0  -0.234912    0.16495   0.957918
      -6.5        6.5       28.0  -0.187776  -0.297463   0.936085
      -5.5        6.5       28.0  -0.255912  -0.317913    0.91293
      -4.5        6.5       28.0  -0.334339  -0.321136   0.886052
      -3.5        6.5       28.0  -0.415873    -0.3003   0.858411
      -2.5        6.5       28.0  -0.489141  -0.252143   0.834964
      -1.5        6.5       28.0  -0.541225  -0.180164    0.82135
      -0.5        6.5       28.0  -0.562348  -0.095166   0.821406
       0.5        6.5       28.0  -0.549956  -0.011803    0.83511
       1.5        6.5       28.0  -0.509431   0.057046   0.858619
       2.5        6.5       28.0  -0.451116   0.104477   0.886329
       3.5        6.5       28.0  -0.385903   0.130161   0.913311
       4.5        6.5       28.0  -0.322055   0.138064     0.9366
       5.5        6.5       28.0  -0.264296   0.133543   0.955151
       6.5        6.5       28.0  -0.214455   0.121397    0.96916
      -6.5       -6.5       29.0   0.343972  -0.020915   0.938747
      -5.5       -6.5       29.0    0.40115   0.004922   0.915999
      -4.5       -6.5       29.0   0.454506   0.047284   0.889488
      -3.5       -6.5       29.0   0.495105   0.107679   0.862135
      -2.5       -6.5       29.0   0.512634   0.182947    0.83889
      -1.5       -6.5       29.0   0.499031   0.263854   0.825439
      -0.5       -6.5       29.0   0.452639   0.336683   0.825689
       0.5       -6.5       29.0   0.380124   0.388011   0.839615
       1.5       -6.5       29.0    0.29436    0.41013   0.863218
       2.5       -6.5       29.0   0.209308   0.403513   0.890712
       3.5       -6.5       29.0   0.135265   0.374943   0.917127
       4.5       -6.5       29.0   0.077109   0.333433   0.939615
       5.5       -6.5       29.0   0.035292   0.286906   0.957308
       6.5       -6.5       29.0   0.007809   0.240826   0.970537
      -6.5       -5.5       29.0   0.407987  -0.069738    0.91032
      -5.5       -5.5       29.0    0.48704  -0.046745   0.872128
      -4.5       -5.5       29.0    0.56485   0.000592   0.825193
      -3.5       -5.5       29.0   0.627976   0.077753   0.774339
      -2.5       -5.5       29.0   0.659302   0.182782   0.729323
      -1.5       -5.5       29.0   0.644413   0.302196   0.702431
      -0.5       -5.5       29.0    0.57962   0.412782   0.702603
       0.5       -5.5       29.0   0.475897   0.490646   0.729924
       1.5       -5.5       29.0    0.35482   0.522349   0.775406
       2.5       -5.5       29.0   0.238729   0.509812   0.826498
       3.5       -5.5       29.0   0.142317   0.465872   0.873332
       4.5       -5.5       29.0   0.070674   0.405859   0.911199
       5.5       -5.5       29.0   0.022248   0.341841   0.939494
       6.5       -5.5       29.0  -0.007366   0.281117   0.959645
      -6.5       -4.5       29.0   0.467921  -0.141829   0.872315
      -5.5       -4.5       29.0   0.571738  -0.129375   0.810172
      -4.5       -4.5       29.0   0.679038  -0.083111   0.729384
      -3.5       -4.5       29.0   0.770635   0.010336   0.637193
      -2.5       -4.5       29.0   0.819547   0.153479   0.552075
      -1.5       -4.5       29.0   0.801769   0.327856   0.499676
      -0.5       -4.5       29.0   0.710913   0.494919   0.499657
       0.5       -4.5       29.0   0.565244   0.612644   0.552419
       1.5       -4.5       29.0    0.39977   0.657825   0.638318
       2.5       -4.5       29.0   0.248295    0.63562   0.730983
       3.5       -4.5       29.0   0.129811   0.569533   0.811653
       4.5       -4.5       29.0   0.047677    0.48477   0.873341
       5.5       -4.5       29.0  -0.003567   0.398907   0.916984
       6.5       -4.5       29.0  -0.031833   0.321025   0.946536
      -6.5       -3.5       29.0   0.511655  -0.238713   0.825364
      -5.5       -3.5       29.0   0.637588  -0.248413   0.729227
      -4.5       -3.5       29.0   0.772818  -0.215056    0.59708
      -3.5       -3.5       29.0    0.89179  -0.111825   0.438412
      -2.5       -3.5       29.0   0.955351   0.074321   0.285973
      -1.5       -3.5       29.0   0.927949   0.320818   0.189702
      -0.5       -3.5       29.0   0.801844   0.566692    0.18949
       0.5       -3.5       29.0   0.607129   0.741232   0.286302
       1.5       -3.5       29.0   0.396326   0.805701   0.440194
       2.5       -3.5       29.0   0.215071   0.770855   0.599606
       3.5       -3.5       29.0    0.08369   0.676773   0.731419
       4.5       -3.5       29.0   0.000474   0.562513   0.826789
       5.5       -3.5       29.0  -0.045814   0.452209   0.890734
       6.5       -3.5       29.0  -0.067038    0.35629   0.931968
      -6.5       -2.5       29.0   0.523821  -0.355234   0.774223
      -5.5       -2.5       29.0   0.659313  -0.400425    0.63637
      -4.5       -2.5       29.0   0.807017  -0.396885    0.43727
      -3.5       -2.5       29.0   0.935677  -0.299003   0.187366
      -2.5       -2.5       29.0   0.995323  -0.075113  -0.060752
      -1.5       -2.5       29.0   0.942304   0.252057  -0.220295
      -0.5       -2.5       29.0   0.773594   0.594178  -0.220236
       0.5       -2.5       29.0    0.53624   0.841988  -0.059183
       1.5       -2.5       29.0   0.299013   0.934896   0.191207
       2.5       -2.5       29.0   0.112308   0.890114   0.441683
       3.5       -2.5       29.0  -0.009392   0.768512   0.639766
       4.5       -2.5       29.0  -0.076411   0.625714   0.776301
       5.5       -2.5       29.0  -0.106005   0.492855    0.86363
       6.5       -2.5       29.0  -0.112771   0.381215   0.917583
      -6.5       -1.5       29.0   0.491593  -0.476602   0.728826
      -5.5       -1.5       29.0   0.613408  -0.566291   0.550496
      -4.5       -1.5       29.0   0.741563  -0.608127   0.283313
      -3.5       -1.5       29.0   0.841475  -0.536598   -0.06311
      -2.5       -1.5       29.0   0.860373  -0.295708  -0.415109
      -1.5       -1.5       29.0   0.758664   0.098776  -0.643951
      -0.5       -1.5       29.0   0.548641   0.534488  -0.642896
       0.5       -1.5       29.0   0.296411    0.86211  -0.410984
       1.5       -1.5       29.0   0.076018   0.995504  -0.056512
       2.5       -1.5       29.0  -0.073142   0.954327   0.289673
       3.5       -1.5       29.0  -0.152024   0.817838   0.555005
       4.5       -1.5       29.0  -0.181076   0.657303   0.731549
       5.5       -1.5       29.0  -0.181014   0.510558   0.840574
       6.5       -1.5       29.0  -0.166059    0.38979   0.905808
      -6.5       -0.5       29.0    0.41314  -0.580379   0.701766
      -5.5       -0.5       29.0    0.49486  -0.712062   0.498077
      -4.5       -0.5       29.0   0.565922  -0.802981    0.18696
      -3.5       -0.5       29.0   0.592328  -0.774076  -0.223504
      -2.5       -0.5       29.0   0.531353  -0.548001  -0.646033
      -1.5       -0.5       29.0   0.364331  -0.126725  -0.922607
      -0.5       -0.5       29.0   0.128262   0.368487  -0.920742
       0.5       -0.5       29.0  -0.097201    0.76163  -0.640681
       1.5       -0.5       29.0  -0.250382   0.943639   -0.21646
       2.5       -0.5       29.0  -0.319014   0.927827   0.193305
       3.5       -0.5       29.0  -0.325927   0.800696   0.502651
       4.5       -0.5       29.0  -0.300143   0.642845   0.704745
       5.5       -0.5       29.0  -0.261669   0.497247   0.827209
       6.5       -0.5       29.0  -0.220816   0.377698   0.899213
      -6.5        0.5       29.0   0.302046  -0.644944   0.702008
      -5.5        0.5       29.0    0.32711  -0.802662   0.498732
      -4.5        0.5       29.0   0.319192  -0.928831   0.188122
      -3.5        0.5       29.0   0.249303   -0.94258  -0.222242
      -2.5        0.5       29.0   0.094927    -0.7579  -0.645428
      -1.5        0.5       29.0  -0.131156  -0.362755  -0.922609
      -0.5        0.5       29.0  -0.366912    0.13269  -0.920744
       0.5        0.5       29.0  -0.532783   0.552323  -0.641156
       1.5        0.5       29.0  -0.592281    0.77584   -0.21743
       2.5        0.5       29.0  -0.564621   0.802583   0.192521
       3.5        0.5       29.0   -0.49273   0.710526   0.502365
       4.5        0.5       29.0  -0.410505   0.578555   0.704812
       5.5        0.5       29.0  -0.334315   0.451211   0.827431
       6.5        0.5       29.0  -0.268969   0.344385   0.899475
      -6.5        1.5       29.0   0.182333  -0.659369   0.729374
      -5.5        1.5       29.0   0.152383  -0.819874   0.551893
      -4.5        1.5       29.0   0.072367  -0.955627   0.285551
      -3.5        1.5       29.0  -0.078017  -0.995076   -0.06113
      -2.5        1.5       29.0  -0.299324  -0.859282  -0.414776
      -1.5        1.5       29.0  -0.551689  -0.529648  -0.644292
      -0.5        1.5       29.0   -0.76087  -0.093356  -0.642154
       0.5        1.5       29.0  -0.861021    0.30002  -0.410648
       1.5        1.5       29.0  -0.840457   0.538818  -0.057501
       2.5        1.5       29.0  -0.739313   0.608393   0.288572
       3.5        1.5       29.0  -0.610466   0.565388   0.554677
       4.5        1.5       29.0  -0.488309   0.475278   0.731891
       5.5        1.5       29.0  -0.385558   0.379043   0.841232
       6.5        1.5       29.0  -0.302937   0.293941   0.906547
      -6.5        2.5       29.0   0.077262  -0.627454   0.774811
      -5.5        2.5       29.0   0.009286  -0.770243   0.637682
      -4.5        2.5       29.0  -0.113536  -0.891291   0.438988
      -3.5        2.5       29.0  -0.301324  -0.934749   0.188279
      -2.5        2.5       29.0  -0.539184  -0.839945  -0.061426
      -1.5        2.5       29.0  -0.776328  -0.590432  -0.220693
      -0.5        2.5       29.0  -0.943918  -0.247631  -0.218399
       0.5        2.5       29.0  -0.995257   0.078915  -0.056882
       1.5        2.5       29.0  -0.933966   0.301324   0.192122
       2.5        2.5       29.0  -0.804151   0.397672   0.441811
       3.5        2.5       29.0  -0.655836   0.400171   0.640111
       4.5        2.5       29.0  -0.520081   0.354498   0.777076
       5.5        2.5       29.0  -0.407679    0.29355   0.864654
       6.5        2.5       29.0  -0.318278   0.233983   0.918668
      -6.5        3.5       29.0    0.00027   -0.56374   0.825953
      -5.5        3.5       29.0  -0.083822  -0.677952   0.730311
      -4.5        3.5       29.0  -0.216158  -0.771592   0.598266
      -3.5        3.5       29.0  -0.398239   -0.80547   0.438889
      -2.5        3.5       29.0  -0.609398  -0.739645   0.285588
      -1.5        3.5       29.0  -0.803723  -0.563853       0.19
      -0.5        3.5       29.0  -0.928709  -0.317393   0.191735
       0.5        3.5       29.0    -0.9546  -0.071196   0.289259
       1.5        3.5       29.0  -0.889609   0.114011   0.442263
       2.5        3.5       29.0  -0.769624   0.216165   0.600792
       3.5        3.5       29.0  -0.633839   0.248697   0.732392
       4.5        3.5       29.0  -0.507658   0.238534   0.827879
       5.5        3.5       29.0  -0.401109   0.208665   0.891947
       6.5        3.5       29.0  -0.314921   0.173042    0.93321
      -6.5        4.5       29.0   -0.04678  -0.485425   0.873026
      -5.5        4.5       29.0  -0.129626  -0.570091   0.811291
      -4.5        4.5       29.0   -0.24882  -0.635812   0.730638
      -3.5        4.5       29.0  -0.400831  -0.657326   0.638167
      -2.5        4.5       29.0  -0.566438  -0.611232    0.55276
      -1.5        4.5       29.0  -0.711674  -0.492673   0.500792
      -0.5        4.5       29.0  -0.801584  -0.325184   0.501715
       0.5        4.5       29.0  -0.818158  -0.150934    0.55483
       1.5        4.5       29.0  -0.768114  -0.008349   0.640259
       2.5        4.5       29.0  -0.675681   0.084394   0.732347
       3.5        4.5       29.0  -0.567881   0.130056   0.812771
       4.5        4.5       29.0  -0.463812   0.142117    0.87446
       5.5        4.5       29.0  -0.372596   0.134694   0.918166
       6.5        4.5       29.0  -0.296413   0.117989   0.947744
      -6.5        5.5       29.0   -0.06946  -0.405979   0.911239
      -5.5        5.5       29.0  -0.141632  -0.465866   0.873447
      -4.5        5.5       29.0   -0.23852  -0.509505   0.826748
      -3.5        5.5       29.0  -0.354913  -0.521555   0.775897
      -2.5        5.5       29.0  -0.475982  -0.489258   0.730799
      -1.5        5.5       29.0   -0.57931  -0.410865   0.703982
      -0.5        5.5       29.0   -0.64337  -0.299996   0.704327
       0.5        5.5       29.0  -0.657363  -0.180632   0.731605
       1.5        5.5       29.0  -0.625184  -0.075926   0.776775
       2.5        5.5       29.0  -0.561395   0.000791   0.827548
       3.5        5.5       29.0  -0.483149   0.047708   0.874238
       4.5        5.5       29.0  -0.403845   0.070392   0.912115
       5.5        5.5       29.0  -0.331128   0.076539   0.940477
       6.5        5.5       29.0  -0.267968   0.072775   0.960675
      -6.5        6.5       29.0  -0.075505  -0.333102   0.939863
      -5.5        6.5       29.0  -0.134033  -0.374478   0.917497
      -4.5        6.5       29.0  -0.208374  -0.402807    0.89125
      -3.5        6.5       29.0  -0.293575  -0.409085   0.863981
      -2.5        6.5       29.0  -0.379262  -0.386582   0.840664
      -1.5        6.5       29.0  -0.451444  -0.334922   0.827058
      -0.5        6.5       29.0  -0.497291  -0.261913   0.827105
       0.5        6.5       29.0  -0.510243  -0.181023   0.840763
       1.5        6.5       29.0  -0.492086  -0.105943   0.864076
       2.5        6.5       29.0  -0.450971  -0.045828   0.891361
       3.5        6.5       29.0  -0.397246  -0.003752   0.917705
       4.5        6.5       29.0   -0.33983    0.02185   0.940233
       5.5        6.5       29.0  -0.284621   0.034679   0.958013
       6.5        6.5       29.0  -0.234629   0.038611   0.971318
# 2
 14.000000   0.000000   0.000000
  0.000000  14.000000   0.000000
