# 14 14 6
      -6.5       -6.5       24.0   0.151267  -0.197519   0.968558
      -5.5       -6.5       24.0   0.212159  -0.217056   0.952825
      -4.5       -6.5       24.0   0.285875  -0.224069   0.931702
      -3.5       -6.5       24.0   0.366219  -0.210984   0.906294
      -2.5       -6.5       24.0   0.441545    -0.1726   0.880481
      -1.5       -6.5       24.0   0.497177  -0.110179   0.860625
      -0.5       -6.5       24.0   0.520802  -0.033278   0.853029
       0.5       -6.5       24.0   0.507816   0.042931   0.860395
       1.5       -6.5       24.0   0.463264   0.103794   0.880121
       2.5       -6.5       24.0   0.399252    0.14099   0.905936
       3.5       -6.5       24.0   0.329477   0.154514   0.931435
       4.5       -6.5       24.0   0.264284   0.150204   0.952677
       5.5       -6.5       24.0    0.20885   0.135496   0.968516
       6.5       -6.5       24.0   0.164206   0.116414   0.979533
      -6.5       -5.5       24.0   0.176109  -0.254795   0.950823
      -5.5       -5.5       24.0    0.25753  -0.288977   0.922047
      -4.5       -5.5       24.0   0.360234   -0.30682   0.880962
      -3.5       -5.5       24.0   0.475943  -0.294104   0.828843
      -2.5       -5.5       24.0   0.586508  -0.239466   0.773734
      -1.5       -5.5       24.0   0.667958  -0.143159   0.730299
      -0.5       -5.5       24.0   0.700255  -0.021488   0.713569
       0.5       -5.5       24.0   0.676337   0.098218   0.730014
       1.5       -5.5       24.0   0.605025   0.189562   0.773312
       2.5       -5.5       24.0   0.506683    0.23856   0.828469
       3.5       -5.5       24.0   0.403828   0.247426    0.88074
       4.5       -5.5       24.0   0.312314   0.228927   0.921983
       5.5       -5.5       24.0   0.238561   0.197294   0.950875
       6.5       -5.5       24.0   0.182233   0.162683   0.969704
      -6.5       -4.5       24.0   0.193525  -0.326203   0.925278
      -5.5       -4.5       24.0   0.295973  -0.383559   0.874804
      -4.5       -4.5       24.0   0.430363  -0.421053   0.798437
      -3.5       -4.5       24.0   0.586041  -0.413348   0.696921
      -2.5       -4.5       24.0   0.736248  -0.337955   0.586281
      -1.5       -4.5       24.0   0.845533  -0.192848   0.497879
      -0.5       -4.5       24.0   0.885928  -0.004981   0.463797
       0.5       -4.5       24.0   0.848665   0.179366   0.497589
       1.5       -4.5       24.0   0.746574   0.315252   0.585869
       2.5       -4.5       24.0   0.609015   0.379253   0.696611
       3.5       -4.5       24.0   0.469241   0.377448   0.798339
       4.5       -4.5       24.0   0.349966   0.334817   0.874884
       5.5       -4.5       24.0   0.258547   0.276908   0.925459
       6.5       -4.5       24.0   0.192212   0.219852    0.95641
      -6.5       -3.5       24.0   0.194097  -0.408929   0.891686
      -5.5       -3.5       24.0   0.311007  -0.498765   0.809016
      -4.5       -3.5       24.0   0.469088  -0.566162   0.677803
      -3.5       -3.5       24.0    0.65452  -0.569114   0.497707
      -2.5       -3.5       24.0   0.831108  -0.468659   0.299364
      -1.5       -3.5       24.0   0.954815  -0.261102   0.141964
      -0.5       -3.5       24.0   0.996572   0.011174   0.081975
       0.5       -3.5       24.0   0.949779   0.278957   0.141786
       1.5       -3.5       24.0   0.828015   0.474259   0.299115
       2.5       -3.5       24.0   0.663645   0.558552    0.49759
       3.5       -3.5       24.0   0.497857   0.540893   0.677918
       4.5       -3.5       24.0   0.360187   0.464029   0.809285
       5.5       -3.5       24.0   0.258923   0.370523   0.892004
       6.5       -3.5       24.0   0.188635   0.284616   0.939899
      -6.5       -2.5       24.0    0.16755  -0.493639   0.853374
      -5.5       -2.5       24.0   0.282517  -0.621701   0.730529
      -4.5       -2.5       24.0   0.440306  -0.725306   0.529209
      -3.5       -2.5       24.0   0.623279  -0.741012   0.249849
      -2.5       -2.5       24.0    0.78941  -0.611573  -0.053016
      -1.5       -2.5       24.0   0.896904  -0.337599  -0.285639
      -0.5       -2.5       24.0   0.928053     0.0192  -0.371953
       0.5       -2.5       24.0   0.883125   0.372127  -0.285678
       1.5       -2.5       24.0   0.770868   0.634781  -0.053062
       2.5       -2.5       24.0     0.6151   0.747784   0.249941
       3.5       -2.5       24.0   0.455283   0.715767   0.529524
       4.5       -2.5       24.0   0.323834   0.600708   0.730945
       5.5       -2.5       24.0   0.229848    0.46716   0.853775
       6.5       -2.5       24.0    0.16671    0.34967   0.921921
      -6.5       -1.5       24.0   0.108303  -0.564418   0.818354
      -5.5       -1.5       24.0    0.19782  -0.727808    0.65663
      -4.5       -1.5       24.0   0.320315  -0.864462   0.387433
      -3.5       -1.5       24.0   0.457232  -0.889198   0.016286
      -2.5       -1.5       24.0   0.571626  -0.730854  -0.372955
      -1.5       -1.5       24.0   0.636402  -0.402369  -0.658097
      -0.5       -1.5       24.0   0.649368   0.016063  -0.760305
       0.5       -1.5       24.0   0.616417   0.432362  -0.658098
       1.5       -1.5       24.0   0.540828   0.753936  -0.372942
       2.5       -1.5       24.0   0.433754   0.900882   0.016419
       3.5       -1.5       24.0   0.322084   0.863658    0.38776
       4.5       -1.5       24.0   0.230951   0.717622   0.657024
       5.5       -1.5       24.0    0.16721   0.549335   0.818701
       6.5       -1.5       24.0   0.125124   0.404393   0.905986
      -6.5       -0.5       24.0   0.021192  -0.603442   0.797125
      -5.5       -0.5       24.0   0.063759  -0.788979   0.611103
      -4.5       -0.5       24.0   0.120223  -0.946352   0.299942
      -3.5       -0.5       24.0   0.178233  -0.976023  -0.124951
      -2.5       -0.5       24.0    0.21922  -0.799839  -0.558749
      -1.5       -0.5       24.0   0.235181  -0.442053  -0.865609
      -0.5       -0.5       24.0   0.231033   0.005984  -0.972928
       0.5       -0.5       24.0   0.212439   0.453421  -0.865609
       1.5       -0.5       24.0    0.18224   0.809069  -0.558744
       2.5       -0.5       24.0   0.146142   0.981347  -0.124899
       3.5       -0.5       24.0   0.114025   0.947076   0.300076
       4.5       -0.5       24.0     0.0917   0.786096   0.611265
       5.5       -0.5       24.0   0.077745   0.598604   0.797264
       6.5       -0.5       24.0   0.068246   0.437917   0.896421
      -6.5        0.5       24.0  -0.077745  -0.598604   0.797264
      -5.5        0.5       24.0    -0.0917  -0.786096   0.611265
      -4.5        0.5       24.0  -0.114025  -0.947076   0.300076
      -3.5        0.5       24.0  -0.146142  -0.981347  -0.124899
      -2.5        0.5       24.0   -0.18224  -0.809069  -0.558744
      -1.5        0.5       24.0  -0.212439  -0.453421  -0.865609
      -0.5        0.5       24.0  -0.231033  -0.005984  -0.972928
       0.5        0.5       24.0  -0.235181   0.442053  -0.865609
       1.5        0.5       24.0   -0.21922   0.799839  -0.558749
       2.5        0.5       24.0  -0.178233   0.976023  -0.124951
       3.5        0.5       24.0  -0.120223   0.946352   0.299942
       4.5        0.5       24.0  -0.063759   0.788979   0.611103
       5.5        0.5       24.0  -0.021192   0.603442   0.797125
       6.5        0.5       24.0   0.005751   0.443383   0.896314
      -6.5        1.5       24.0   -0.16721  -0.549335   0.818701
      -5.5        1.5       24.0  -0.230951  -0.717622   0.657024
      -4.5        1.5       24.0  -0.322084  -0.863658    0.38776
      -3.5        1.5       24.0  -0.433754  -0.900882   0.016419
      -2.5        1.5       24.0  -0.540828  -0.753936  -0.372942
      -1.5        1.5       24.0  -0.616417  -0.432362  -0.658098
      -0.5        1.5       24.0  -0.649368  -0.016063  -0.760305
       0.5        1.5       24.0  -0.636402   0.402369  -0.658097
       1.5        1.5       24.0  -0.571626   0.730854  -0.372955
       2.5        1.5       24.0  -0.457232   0.889198   0.016286
       3.5        1.5       24.0  -0.320315   0.864462   0.387433
       4.5        1.5       24.0   -0.19782   0.727808    0.65663
       5.5        1.5       24.0  -0.108303   0.564418   0.818354
       6.5        1.5       24.0  -0.050744   0.420853   0.905709
      -6.5        2.5       24.0  -0.229848   -0.46716   0.853775
      -5.5        2.5       24.0  -0.323834  -0.600708   0.730945
      -4.5        2.5       24.0  -0.455283  -0.715767   0.529524
      -3.5        2.5       24.0    -0.6151  -0.747784   0.249941
      -2.5        2.5       24.0  -0.770868  -0.634781  -0.053062
      -1.5        2.5       24.0  -0.883125  -0.372127  -0.285678
      -0.5        2.5       24.0  -0.928053    -0.0192  -0.371953
       0.5        2.5       24.0  -0.896904   0.337599  -0.285639
       1.5        2.5       24.0   -0.78941   0.611573  -0.053016
       2.5        2.5       24.0  -0.623279   0.741012   0.249849
       3.5        2.5       24.0  -0.440306   0.725306   0.529209
       4.5        2.5       24.0  -0.282517   0.621701   0.730529
       5.5        2.5       24.0   -0.16755   0.493639   0.853374
       6.5        2.5       24.0  -0.092216   0.377085   0.921576
      -6.5        3.5       24.0  -0.258923  -0.370523   0.892004
      -5.5        3.5       24.0  -0.360187  -0.464029   0.809285
      -4.5        3.5       24.0  -0.497857  -0.540893   0.677918
      -3.5        3.5       24.0  -0.663645  -0.558552    0.49759
      -2.5        3.5       24.0  -0.828015  -0.474259   0.299115
      -1.5        3.5       24.0  -0.949779  -0.278957   0.141786
      -0.5        3.5       24.0  -0.996572  -0.011174   0.081975
       0.5        3.5       24.0  -0.954815   0.261102   0.141964
       1.5        3.5       24.0  -0.831108   0.468659   0.299364
       2.5        3.5       24.0   -0.65452   0.569114   0.497707
       3.5        3.5       24.0  -0.469088   0.566162   0.677803
       4.5        3.5       24.0  -0.311007   0.498765   0.809016
       5.5        3.5       24.0  -0.194097   0.408929   0.891686
       6.5        3.5       24.0  -0.115204   0.322344   0.939586
      -6.5        4.5       24.0  -0.258547  -0.276908   0.925459
      -5.5        4.5       24.0  -0.349966  -0.334817   0.874884
      -4.5        4.5       24.0  -0.469241  -0.377448   0.798339
      -3.5        4.5       24.0  -0.609015  -0.379253   0.696611
      -2.5        4.5       24.0  -0.746574  -0.315252   0.585869
      -1.5        4.5       24.0  -0.848665  -0.179366   0.497589
      -0.5        4.5       24.0  -0.885928   0.004981   0.463797
       0.5        4.5       24.0  -0.845533   0.192848   0.497879
       1.5        4.5       24.0  -0.736248   0.337955   0.586281
       2.5        4.5       24.0  -0.586041   0.413348   0.696921
       3.5        4.5       24.0  -0.430363   0.421053   0.798437
       4.5        4.5       24.0  -0.295973   0.383559   0.874804
       5.5        4.5       24.0  -0.193525   0.326203   0.925278
       6.5        4.5       24.0  -0.121659   0.266283   0.956186
      -6.5        5.5       24.0  -0.238561  -0.197294   0.950875
      -5.5        5.5       24.0  -0.312314  -0.228927   0.921983
      -4.5        5.5       24.0  -0.403828  -0.247426    0.88074
      -3.5        5.5       24.0  -0.506683   -0.23856   0.828469
      -2.5        5.5       24.0  -0.605025  -0.189562   0.773312
      -1.5        5.5       24.0  -0.676337  -0.098218   0.730014
      -0.5        5.5       24.0  -0.700255   0.021488   0.713569
       0.5        5.5       24.0  -0.667958   0.143159   0.730299
       1.5        5.5       24.0  -0.586508   0.239466   0.773734
       2.5        5.5       24.0  -0.475943   0.294104   0.828843
       3.5        5.5       24.0  -0.360234    0.30682   0.880962
       4.5        5.5       24.0   -0.25753   0.288977   0.922047
       5.5        5.5       24.0  -0.176109   0.254795   0.950823
       6.5        5.5       24.0  -0.116447    0.21529   0.969583
      -6.5        6.5       24.0   -0.20885  -0.135496   0.968516
      -5.5        6.5       24.0  -0.264284  -0.150204   0.952677
      -4.5        6.5       24.0  -0.329477  -0.154514   0.931435
      -3.5        6.5       24.0  -0.399252   -0.14099   0.905936
      -2.5        6.5       24.0  -0.463264  -0.103794   0.880121
      -1.5        6.5       24.0  -0.507816  -0.042931   0.860395
      -0.5        6.5       24.0  -0.520802   0.033278   0.853029
       0.5        6.5       24.0  -0.497177   0.110179   0.860625
       1.5        6.5       24.0  -0.441545     0.1726   0.880481
       2.5        6.5       24.0  -0.366219   0.210984   0.906294
       3.5        6.5       24.0  -0.285875   0.224069   0.931702
       4.5        6.5       24.0  -0.212159   0.217056   0.952825
       5.5        6.5       24.0  -0.151267   0.197519   0.968558
       6.5        6.5       24.0  -0.104653   0.172134   0.979499
      -6.5       -6.5       25.0    0.19692  -0.193977   0.961039
      -5.5       -6.5       25.0   0.260969  -0.209165   0.942415
      -4.5       -6.5       25.0   0.336018  -0.210257   0.918087
      -3.5       -6.5       25.0   0.415359  -0.190101   0.889572
      -2.5       -6.5       25.0   0.487305  -0.144281    0.86123
      -1.5       -6.5       25.0   0.537736  -0.074895    0.83978
      -0.5       -6.5       25.0   0.555199   0.007936   0.831679
       0.5       -6.5       25.0   0.535809   0.088805   0.839656
       1.5       -6.5       25.0   0.484959   0.152929   0.861062
       2.5       -6.5       25.0   0.414846    0.19181   0.889445
       3.5       -6.5       25.0   0.339244   0.205266    0.91803
       4.5       -6.5       25.0    0.26872   0.199147   0.942407
       5.5       -6.5       25.0   0.208757   0.181153   0.961043
       6.5       -6.5       25.0   0.160639   0.157754   0.974325
      -6.5       -5.5       25.0   0.225774  -0.255112   0.940183
      -5.5       -5.5       25.0    0.31028  -0.284116   0.907196
      -4.5       -5.5       25.0   0.413431  -0.294559   0.861574
      -3.5       -5.5       25.0   0.526192  -0.272988   0.805357
      -2.5       -5.5       25.0   0.630617  -0.209453   0.747296
      -1.5       -5.5       25.0    0.70405  -0.105505    0.70227
      -0.5       -5.5       25.0   0.728134   0.022097   0.685079
       0.5       -5.5       25.0   0.696958   0.146303   0.702029
       1.5       -5.5       25.0   0.619612   0.241066   0.746973
       2.5       -5.5       25.0   0.516085   0.292303   0.805118
       3.5       -5.5       25.0   0.408427   0.301754   0.861471
       4.5       -5.5       25.0   0.312402   0.281837   0.907179
       5.5       -5.5       25.0     0.2347   0.246911   0.940187
       6.5       -5.5       25.0   0.175334   0.207639   0.962364
      -6.5       -4.5       25.0   0.245766  -0.331254   0.910972
      -5.5       -4.5       25.0   0.350723  -0.382269   0.854906
      -4.5       -4.5       25.0   0.483798  -0.410333   0.773024
      -3.5       -4.5       25.0   0.633311    -0.3916   0.667508
      -2.5       -4.5       25.0   0.773295  -0.306193   0.555213
      -1.5       -4.5       25.0   0.870844  -0.153966   0.466825
      -0.5       -4.5       25.0     0.9006   0.038243   0.432963
       0.5       -4.5       25.0   0.855279   0.225571   0.466494
       1.5       -4.5       25.0   0.747956   0.364388   0.554781
       2.5       -4.5       25.0   0.607168   0.431456   0.667228
       3.5       -4.5       25.0   0.464854   0.431801   0.772954
       4.5       -4.5       25.0   0.342971   0.389154   0.854945
       5.5       -4.5       25.0    0.24899   0.328713   0.911017
       6.5       -4.5       25.0   0.180616   0.267146   0.946578
      -6.5       -3.5       25.0   0.247106  -0.419273   0.873584
      -5.5       -3.5       25.0   0.365533  -0.501217   0.784326
      -4.5       -3.5       25.0   0.520008  -0.556645   0.647872
      -3.5       -3.5       25.0   0.695667  -0.546437   0.466319
      -2.5       -3.5       25.0   0.858283  -0.436043   0.270586
      -1.5       -3.5       25.0   0.967604  -0.223747   0.116959
      -0.5       -3.5       25.0   0.997046   0.049657   0.058594
       0.5       -3.5       25.0   0.940998    0.31766   0.116683
       1.5       -3.5       25.0   0.813761   0.514547    0.27025
       2.5       -3.5       25.0   0.647531   0.602806   0.466185
       3.5       -3.5       25.0   0.481668   0.590016   0.647979
       4.5       -3.5       25.0   0.343865   0.516042   0.784511
       5.5       -3.5       25.0   0.242002   0.421962   0.873718
       6.5       -3.5       25.0   0.171147   0.332465   0.927456
      -6.5       -2.5       25.0   0.219469  -0.509613   0.831942
      -5.5       -2.5       25.0   0.335012  -0.628106   0.702317
      -4.5       -2.5       25.0   0.487496  -0.717316   0.497801
      -3.5       -2.5       25.0   0.658743  -0.718873   0.221989
      -2.5       -2.5       25.0   0.810158  -0.581706  -0.072541
      -1.5       -2.5       25.0   0.903943  -0.306702  -0.298029
      -0.5       -2.5       25.0   0.922954   0.048398  -0.381855
       0.5       -2.5       25.0   0.866949   0.399385  -0.298146
       1.5       -2.5       25.0   0.746288   0.661649  -0.072632
       2.5       -2.5       25.0   0.586955   0.778555   0.222118
       3.5       -2.5       25.0   0.427505   0.754379   0.498149
       4.5       -2.5       25.0   0.297535   0.646318   0.702671
       5.5       -2.5       25.0   0.204738   0.515345   0.832167
       6.5       -2.5       25.0   0.142614    0.39601   0.907104
      -6.5       -1.5       25.0   0.157521  -0.586397    0.79456
      -5.5       -1.5       25.0   0.247314  -0.739061   0.626598
      -4.5       -1.5       25.0   0.364487  -0.859981   0.357185
      -3.5       -1.5       25.0   0.490411  -0.871475  -0.005354
      -2.5       -1.5       25.0   0.591963  -0.709195  -0.382914
      -1.5       -1.5       25.0    0.64519  -0.382781  -0.661218
      -0.5       -1.5       25.0   0.646982   0.033569  -0.761766
       0.5       -1.5       25.0   0.601733   0.447978  -0.661236
       1.5       -1.5       25.0   0.514326   0.767387  -0.382867
       2.5       -1.5       25.0   0.399747   0.916611  -0.005117
       3.5       -1.5       25.0   0.286046    0.88899   0.357595
       4.5       -1.5       25.0   0.195966    0.75399   0.626974
       5.5       -1.5       25.0   0.134207    0.59186   0.794789
       6.5       -1.5       25.0   0.094381   0.447288   0.889396
      -6.5       -0.5       25.0    0.06635  -0.631982   0.772138
      -5.5       -0.5       25.0   0.109706  -0.806839   0.580496
      -4.5       -0.5       25.0   0.162544   -0.94868   0.271265
      -3.5       -0.5       25.0   0.211931  -0.966878  -0.142242
      -2.5       -0.5       25.0    0.24162  -0.789698  -0.563912
      -1.5       -0.5       25.0    0.24624   -0.43524  -0.865986
      -0.5       -0.5       25.0   0.230929   0.011705    -0.9729
       0.5       -0.5       25.0   0.200336   0.458193  -0.865982
       1.5       -0.5       25.0   0.157664    0.81067  -0.563876
       2.5       -0.5       25.0   0.111342   0.983566  -0.142132
       3.5       -0.5       25.0   0.073696   0.959628   0.271446
       4.5       -0.5       25.0   0.050289   0.812592   0.580659
       5.5       -0.5       25.0   0.037972     0.6342   0.772236
       6.5       -0.5       25.0   0.031444   0.475928   0.878922
      -6.5        0.5       25.0  -0.037972    -0.6342   0.772236
      -5.5        0.5       25.0  -0.050289  -0.812592   0.580659
      -4.5        0.5       25.0  -0.073696  -0.959628   0.271446
      -3.5        0.5       25.0  -0.111342  -0.983566  -0.142132
      -2.5        0.5       25.0  -0.157664   -0.81067  -0.563876
      -1.5        0.5       25.0  -0.200336  -0.458193  -0.865982
      -0.5        0.5       25.0  -0.230929  -0.011705    -0.9729
       0.5        0.5       25.0   -0.24624    0.43524  -0.865986
       1.5        0.5       25.0   -0.24162   0.789698  -0.563912
       2.5        0.5       25.0  -0.211931   0.966878  -0.142242
       3.5        0.5       25.0  -0.162544    0.94868   0.271265
       4.5        0.5       25.0  -0.109706   0.806839   0.580496
       5.5        0.5       25.0   -0.06635   0.631982   0.772138
       6.5        0.5       25.0  -0.036093   0.475677   0.878879
      -6.5        1.5       25.0  -0.134207   -0.59186   0.794789
      -5.5        1.5       25.0  -0.195966   -0.75399   0.626974
      -4.5        1.5       25.0  -0.286046   -0.88899   0.357595
      -3.5        1.5       25.0  -0.399747  -0.916611  -0.005117
      -2.5        1.5       25.0  -0.514326  -0.767387  -0.382867
      -1.5        1.5       25.0  -0.601733  -0.447978  -0.661236
      -0.5        1.5       25.0  -0.646982  -0.033569  -0.761766
       0.5        1.5       25.0   -0.64519   0.382781  -0.661218
       1.5        1.5       25.0  -0.591963   0.709195  -0.382914
       2.5        1.5       25.0  -0.490411   0.871475  -0.005354
       3.5        1.5       25.0  -0.364487   0.859981   0.357185
       4.5        1.5       25.0  -0.247314   0.739061   0.626598
       5.5        1.5       25.0  -0.157521   0.586397    0.79456
       6.5        1.5       25.0  -0.096347   0.447066   0.889297
      -6.5        2.5       25.0  -0.204738  -0.515345   0.832167
      -5.5        2.5       25.0  -0.297535  -0.646318   0.702671
      -4.5        2.5       25.0  -0.427505  -0.754379   0.498149
      -3.5        2.5       25.0  -0.586955  -0.778555   0.222118
      -2.5        2.5       25.0  -0.746288  -0.661649  -0.072632
      -1.5        2.5       25.0  -0.866949  -0.399385  -0.298146
      -0.5        2.5       25.0  -0.922954  -0.048398  -0.381855
       0.5        2.5       25.0  -0.903943   0.306702  -0.298029
       1.5        2.5       25.0  -0.810158   0.581706  -0.072541
       2.5        2.5       25.0  -0.658743   0.718873   0.221989
       3.5        2.5       25.0  -0.487496   0.717316   0.497801
       4.5        2.5       25.0  -0.335012   0.628106   0.702317
       5.5        2.5       25.0  -0.219469   0.509613   0.831942
       6.5        2.5       25.0  -0.140094   0.397126   0.907008
      -6.5        3.5       25.0  -0.242002  -0.421962   0.873718
      -5.5        3.5       25.0  -0.343865  -0.516042   0.784511
      -4.5        3.5       25.0  -0.481668  -0.590016   0.647979
      -3.5        3.5       25.0  -0.647531  -0.602806   0.466185
      -2.5        3.5       25.0  -0.813761  -0.514547    0.27025
      -1.5        3.5       25.0  -0.940998   -0.31766   0.116683
      -0.5        3.5       25.0  -0.997046  -0.049657   0.058594
       0.5        3.5       25.0  -0.967604   0.223747   0.116959
       1.5        3.5       25.0  -0.858283   0.436043   0.270586
       2.5        3.5       25.0  -0.695667   0.546437   0.466319
       3.5        3.5       25.0  -0.520008   0.556645   0.647872
       4.5        3.5       25.0  -0.365533   0.501217   0.784326
       5.5        3.5       25.0  -0.247106   0.419273   0.873584
       6.5        3.5       25.0  -0.163718   0.336326   0.927406
      -6.5        4.5       25.0   -0.24899  -0.328713   0.911017
      -5.5        4.5       25.0  -0.342971  -0.389154   0.854945
      -4.5        4.5       25.0  -0.464854  -0.431801   0.772954
      -3.5        4.5       25.0  -0.607168  -0.431456   0.667228
      -2.5        4.5       25.0  -0.747956  -0.364388   0.554781
      -1.5        4.5       25.0  -0.855279  -0.225571   0.466494
      -0.5        4.5       25.0    -0.9006  -0.038243   0.432963
       0.5        4.5       25.0  -0.870844   0.153966   0.466825
       1.5        4.5       25.0  -0.773295   0.306193   0.555213
       2.5        4.5       25.0  -0.633311     0.3916   0.667508
       3.5        4.5       25.0  -0.483798   0.410333   0.773024
       4.5        4.5       25.0  -0.350723   0.382269   0.854906
       5.5        4.5       25.0  -0.245766   0.331254   0.910972
       6.5        4.5       25.0  -0.169143   0.274575   0.946572
      -6.5        5.5       25.0    -0.2347  -0.246911   0.940187
      -5.5        5.5       25.0  -0.312402  -0.281837   0.907179
      -4.5        5.5       25.0  -0.408427  -0.301754   0.861471
      -3.5        5.5       25.0  -0.516085  -0.292303   0.805118
      -2.5        5.5       25.0  -0.619612  -0.241066   0.746973
      -1.5        5.5       25.0  -0.696958  -0.146303   0.702029
      -0.5        5.5       25.0  -0.728134  -0.022097   0.685079
       0.5        5.5       25.0   -0.70405   0.105505    0.70227
       1.5        5.5       25.0  -0.630617   0.209453   0.747296
       2.5        5.5       25.0  -0.526192   0.272988   0.805357
       3.5        5.5       25.0  -0.413431   0.294559   0.861574
       4.5        5.5       25.0   -0.31028   0.284116   0.907196
       5.5        5.5       25.0  -0.225774   0.255112   0.940183
       6.5        5.5       25.0  -0.161418   0.218571   0.962378
      -6.5        6.5       25.0  -0.208757  -0.181153   0.961043
      -5.5        6.5       25.0   -0.26872  -0.199147   0.942407
      -4.5        6.5       25.0  -0.339244  -0.205266    0.91803
      -3.5        6.5       25.0  -0.414846   -0.19181   0.889445
      -2.5        6.5       25.0  -0.484959  -0.152929   0.861062
      -1.5        6.5       25.0  -0.535809  -0.088805   0.839656
      -0.5        6.5       25.0  -0.555199  -0.007936   0.831679
       0.5        6.5       25.0  -0.537736   0.074895    0.83978
       1.5        6.5       25.0  -0.487305   0.144281    0.86123
       2.5        6.5       25.0  -0.415359   0.190101   0.889572
       3.5        6.5       25.0  -0.336018   0.210257   0.918087
       4.5        6.5       25.0  -0.260969   0.209165   0.942415
       5.5        6.5       25.0   -0.19692   0.193977   0.961039
       6.5        6.5       25.0  -0.145981   0.171357   0.974334
      -6.5       -6.5       26.0   0.244819  -0.169992    0.95455
      -5.5       -6.5       26.0   0.310935  -0.178847   0.933452
      -4.5       -6.5       26.0   0.385484  -0.172486    0.90645
      -3.5       -6.5       26.0   0.461275  -0.144385    0.87543
      -2.5       -6.5       26.0   0.526743  -0.091063   0.845133
      -1.5       -6.5       26.0   0.568546   -0.01551   0.822505
      -0.5       -6.5       26.0   0.576358   0.071617   0.814053
       0.5       -6.5       26.0   0.547321    0.15474   0.822494
       1.5       -6.5       26.0   0.487528   0.219086   0.845173
       2.5       -6.5       26.0   0.409567   0.256213   0.875562
       3.5       -6.5       26.0   0.327441    0.26607   0.906636
       4.5       -6.5       26.0   0.251892   0.254802   0.933609
       5.5       -6.5       26.0   0.188523   0.230604    0.95461
       6.5       -6.5       26.0   0.138635   0.200525    0.96983
      -6.5       -5.5       26.0   0.280418   -0.23342   0.931064
      -5.5       -5.5       26.0   0.366944  -0.255038   0.894599
      -4.5       -5.5       26.0   0.468529  -0.256408    0.84542
      -3.5       -5.5       26.0   0.575454  -0.225106   0.786244
      -2.5       -5.5       26.0   0.670182  -0.152742    0.72631
      -1.5       -5.5       26.0   0.731588  -0.042141   0.680443
      -0.5       -5.5       26.0   0.743205   0.089532   0.663046
       0.5       -5.5       26.0   0.700605   0.215528   0.680221
       1.5       -5.5       26.0   0.613667   0.310245   0.726059
       2.5       -5.5       26.0   0.502529   0.359799   0.786136
       3.5       -5.5       26.0    0.38904   0.365883   0.845445
       4.5       -5.5       26.0   0.288785   0.340926   0.894636
       5.5       -5.5       26.0   0.208435   0.299622   0.931011
       6.5       -5.5       26.0   0.148017   0.253249    0.95601
      -6.5       -4.5       26.0   0.306268  -0.313504   0.898841
      -5.5       -4.5       26.0    0.41281  -0.355913     0.8384
      -4.5       -4.5       26.0   0.542578  -0.372956    0.75267
      -3.5       -4.5       26.0    0.68304  -0.342592   0.645048
      -2.5       -4.5       26.0   0.809256  -0.247545   0.532754
      -1.5       -4.5       26.0   0.890865  -0.089313   0.445401
      -0.5       -4.5       26.0    0.90504   0.105426   0.412054
       0.5       -4.5       26.0   0.846273   0.292981   0.444954
       1.5       -4.5       26.0   0.728739   0.430904   0.532223
       2.5       -4.5       26.0   0.581143   0.496546    0.64476
       3.5       -4.5       26.0   0.434633   0.494623   0.752623
       4.5       -4.5       26.0    0.31026   0.448143   0.838395
       5.5       -4.5       26.0    0.21513   0.382104    0.89873
       6.5       -4.5       26.0   0.146949     0.3137   0.938082
      -6.5       -3.5       26.0    0.31203  -0.407062   0.858451
      -5.5       -3.5       26.0    0.43138  -0.479097   0.764446
      -4.5       -3.5       26.0   0.580643  -0.521498   0.625215
      -3.5       -3.5       26.0   0.744265  -0.498294   0.444716
      -2.5       -3.5       26.0   0.890111  -0.378872   0.253294
      -1.5       -3.5       26.0   0.981163  -0.162759   0.104061
      -0.5       -3.5       26.0   0.992718   0.110762   0.047352
       0.5       -3.5       26.0   0.920451   0.376885   0.103573
       1.5       -3.5       26.0   0.780772   0.571407   0.252763
       2.5       -3.5       26.0   0.607401   0.658372   0.444535
       3.5       -3.5       26.0   0.438786   0.645314    0.62533
       4.5       -3.5       26.0   0.300569   0.570185   0.764557
       5.5       -3.5       26.0   0.199493   0.472635   0.858381
       6.5       -3.5       26.0   0.130445   0.377538    0.91676
      -6.5       -2.5       26.0   0.287059  -0.504481   0.814307
      -5.5       -2.5       26.0   0.403073  -0.612064   0.680375
      -4.5       -2.5       26.0    0.54932  -0.686979   0.475717
      -3.5       -2.5       26.0    0.70756  -0.676006   0.205849
      -2.5       -2.5       26.0   0.842423  -0.532867   -0.07985
      -1.5       -2.5       26.0   0.918883  -0.257181  -0.299186
      -0.5       -2.5       26.0   0.919383   0.096951  -0.381229
       0.5       -2.5       26.0   0.843674   0.445572  -0.299466
       1.5       -2.5       26.0   0.705742   0.703934  -0.080036
       2.5       -2.5       26.0   0.536005   0.818681    0.20606
       3.5       -2.5       26.0   0.373243   0.796209   0.476174
       4.5       -2.5       26.0   0.243973   0.690737   0.680705
       5.5       -2.5       26.0   0.153573   0.559685   0.814351
       6.5       -2.5       26.0   0.094842   0.436977   0.894458
      -6.5       -1.5       26.0   0.225914  -0.589861   0.775259
      -5.5       -1.5       26.0    0.31636  -0.731503   0.604004
      -4.5       -1.5       26.0   0.427801  -0.838453   0.337613
      -3.5       -1.5       26.0   0.541895  -0.840315  -0.014816
      -2.5       -1.5       26.0   0.628753  -0.677105  -0.382359
      -1.5       -1.5       26.0    0.66613  -0.352649  -0.657198
      -0.5       -1.5       26.0   0.649265   0.064433  -0.757828
       0.5       -1.5       26.0   0.581992   0.478855  -0.657254
       1.5       -1.5       26.0   0.473193   0.793715  -0.382237
       2.5       -1.5       26.0   0.343993   0.938862  -0.014358
       3.5       -1.5       26.0   0.224409   0.913919   0.338219
       4.5       -1.5       26.0   0.134368   0.785252   0.604421
       5.5       -1.5       26.0   0.075586   0.626958   0.775378
       6.5       -1.5       26.0   0.040277   0.481827    0.87534
      -6.5       -0.5       26.0   0.133621  -0.645427   0.752044
      -5.5       -0.5       26.0   0.178449  -0.810446   0.557973
      -4.5       -0.5       26.0   0.227245  -0.940164   0.253871
      -3.5       -0.5       26.0   0.266474  -0.952473  -0.147606
      -2.5       -0.5       26.0   0.281454  -0.778822  -0.560552
      -1.5       -0.5       26.0   0.268513   -0.42776  -0.863089
      -0.5       -0.5       26.0    0.23328   0.022216  -0.972156
       0.5       -0.5       26.0   0.180969    0.47154  -0.863076
       1.5       -0.5       26.0   0.117347   0.819833   -0.56045
       2.5       -0.5       26.0   0.055112   0.987545   -0.14737
       3.5       -0.5       26.0   0.009028   0.967121   0.254157
       4.5       -0.5       26.0  -0.016251   0.829569   0.558167
       5.5       -0.5       26.0  -0.026088   0.658524   0.752108
       6.5       -0.5       26.0  -0.027601   0.502448   0.864167
      -6.5        0.5       26.0   0.026088  -0.658524   0.752108
      -5.5        0.5       26.0   0.016251  -0.829569   0.558167
      -4.5        0.5       26.0  -0.009028  -0.967121   0.254157
      -3.5        0.5       26.0  -0.055112  -0.987545   -0.14737
      -2.5        0.5       26.0  -0.117347  -0.819833   -0.56045
      -1.5        0.5       26.0  -0.180969   -0.47154  -0.863076
      -0.5        0.5       26.0   -0.23328  -0.022216  -0.972156
       0.5        0.5       26.0  -0.268513    0.42776  -0.863089
       1.5        0.5       26.0  -0.281454   0.778822  -0.560552
       2.5        0.5       26.0  -0.266474   0.952473  -0.147606
       3.5        0.5       26.0  -0.227245   0.940164   0.253871
       4.5        0.5       26.0  -0.178449   0.810446   0.557973
       5.5        0.5       26.0  -0.133621   0.645427   0.752044
       6.5        0.5       26.0  -0.098294   0.493463   0.864195
      -6.5        1.5       26.0  -0.075586  -0.626958   0.775378
      -5.5        1.5       26.0  -0.134368  -0.785252   0.604421
      -4.5        1.5       26.0  -0.224409  -0.913919   0.338219
      -3.5        1.5       26.0  -0.343993  -0.938862  -0.014358
      -2.5        1.5       26.0  -0.473193  -0.793715  -0.382237
      -1.5        1.5       26.0  -0.581992  -0.478855  -0.657254
      -0.5        1.5       26.0  -0.649265  -0.064433  -0.757828
       0.5        1.5       26.0   -0.66613   0.352649  -0.657198
       1.5        1.5       26.0  -0.628753   0.677105  -0.382359
       2.5        1.5       26.0  -0.541895   0.840315  -0.014816
       3.5        1.5       26.0  -0.427801   0.838453   0.337613
       4.5        1.5       26.0   -0.31636   0.731503   0.604004
       5.5        1.5       26.0  -0.225914   0.589861   0.775259
       6.5        1.5       26.0  -0.159756   0.456159   0.875441
      -6.5        2.5       26.0  -0.153573  -0.559685   0.814351
      -5.5        2.5       26.0  -0.243973  -0.690737   0.680705
      -4.5        2.5       26.0  -0.373243  -0.796209   0.476174
      -3.5        2.5       26.0  -0.536005  -0.818681    0.20606
      -2.5        2.5       26.0  -0.705742  -0.703934  -0.080036
      -1.5        2.5       26.0  -0.843674  -0.445572  -0.299466
      -0.5        2.5       26.0  -0.919383  -0.096951  -0.381229
       0.5        2.5       26.0  -0.918883   0.257181  -0.299186
       1.5        2.5       26.0  -0.842423   0.532867   -0.07985
       2.5        2.5       26.0   -0.70756   0.676006   0.205849
       3.5        2.5       26.0   -0.54932   0.686979   0.475717
       4.5        2.5       26.0  -0.403073   0.612064   0.680375
       5.5        2.5       26.0  -0.287059   0.504481   0.814307
       6.5        2.5       26.0  -0.202735   0.398122   0.894649
      -6.5        3.5       26.0  -0.199493  -0.472635   0.858381
      -5.5        3.5       26.0  -0.300569  -0.570185   0.764557
      -4.5        3.5       26.0  -0.438786  -0.645314    0.62533
      -3.5        3.5       26.0  -0.607401  -0.658372   0.444535
      -2.5        3.5       26.0  -0.780772  -0.571407   0.252763
      -1.5        3.5       26.0  -0.920451  -0.376885   0.103573
      -0.5        3.5       26.0  -0.992718  -0.110762   0.047352
       0.5        3.5       26.0  -0.981163   0.162759   0.104061
       1.5        3.5       26.0  -0.890111   0.378872   0.253294
       2.5        3.5       26.0  -0.744265   0.498294   0.444716
       3.5        3.5       26.0  -0.580643   0.521498   0.625215
       4.5        3.5       26.0   -0.43138   0.479097   0.764446
       5.5        3.5       26.0   -0.31203   0.407062   0.858451
       6.5        3.5       26.0  -0.223702   0.330213   0.917015
      -6.5        4.5       26.0   -0.21513  -0.382104    0.89873
      -5.5        4.5       26.0   -0.31026  -0.448143   0.838395
      -4.5        4.5       26.0  -0.434633  -0.494623   0.752623
      -3.5        4.5       26.0  -0.581143  -0.496546    0.64476
      -2.5        4.5       26.0  -0.728739  -0.430904   0.532223
      -1.5        4.5       26.0  -0.846273  -0.292981   0.444954
      -0.5        4.5       26.0   -0.90504  -0.105426   0.412054
       0.5        4.5       26.0  -0.890865   0.089313   0.445401
       1.5        4.5       26.0  -0.809256   0.247545   0.532754
       2.5        4.5       26.0   -0.68304   0.342592   0.645048
       3.5        4.5       26.0  -0.542578   0.372956    0.75267
       4.5        4.5       26.0   -0.41281   0.355913     0.8384
       5.5        4.5       26.0  -0.306268   0.313504   0.898841
       6.5        4.5       26.0  -0.224834   0.262642   0.938333
      -6.5        5.5       26.0  -0.208435  -0.299622   0.931011
      -5.5        5.5       26.0  -0.288785  -0.340926   0.894636
      -4.5        5.5       26.0   -0.38904  -0.365883   0.845445
      -3.5        5.5       26.0  -0.502529  -0.359799   0.786136
      -2.5        5.5       26.0  -0.613667  -0.310245   0.726059
      -1.5        5.5       26.0  -0.700605  -0.215528   0.680221
      -0.5        5.5       26.0  -0.743205  -0.089532   0.663046
       0.5        5.5       26.0  -0.731588   0.042141   0.680443
       1.5        5.5       26.0  -0.670182   0.152742    0.72631
       2.5        5.5       26.0  -0.575454   0.225106   0.786244
       3.5        5.5       26.0  -0.468529   0.256408    0.84542
       4.5        5.5       26.0  -0.366944   0.255038   0.894599
       5.5        5.5       26.0  -0.280418    0.23342   0.931064
       6.5        5.5       26.0  -0.211606   0.202315   0.956186
      -6.5        6.5       26.0  -0.188523  -0.230604    0.95461
      -5.5        6.5       26.0  -0.251892  -0.254802   0.933609
      -4.5        6.5       26.0  -0.327441   -0.26607   0.906636
      -3.5        6.5       26.0  -0.409567  -0.256213   0.875562
      -2.5        6.5       26.0  -0.487528  -0.219086   0.845173
      -1.5        6.5       26.0  -0.547321   -0.15474   0.822494
      -0.5        6.5       26.0  -0.576358  -0.071617   0.814053
       0.5        6.5       26.0  -0.568546    0.01551   0.822505
       1.5        6.5       26.0  -0.526743   0.091063   0.845133
       2.5        6.5       26.0  -0.461275   0.144385    0.87543
       3.5        6.5       26.0  -0.385484   0.172486    0.90645
       4.5        6.5       26.0  -0.310935   0.178847   0.933452
       5.5        6.5       26.0  -0.244819   0.169992    0.95455
       6.5        6.5       26.0  -0.189991   0.152369    0.96989
      -6.5       -6.5       27.0   0.286269  -0.120841   0.950499
      -5.5       -6.5       27.0   0.352699  -0.120881   0.927896
      -4.5       -6.5       27.0   0.424376  -0.105307   0.899342
      -3.5       -6.5       27.0    0.49363  -0.068505    0.86697
      -2.5       -6.5       27.0     0.5491  -0.008132   0.835717
      -1.5       -6.5       27.0   0.578407   0.071812   0.812581
      -0.5       -6.5       27.0   0.572664   0.160098   0.804006
       0.5       -6.5       27.0   0.530528   0.241068   0.812666
       1.5       -6.5       27.0   0.459386   0.300272   0.835943
       2.5       -6.5       27.0    0.37269   0.329879   0.867342
       3.5       -6.5       27.0   0.284809   0.330635   0.899758
       4.5       -6.5       27.0   0.206419   0.309542   0.928211
       5.5       -6.5       27.0   0.142778   0.275593   0.950612
       6.5       -6.5       27.0   0.094701   0.236488   0.967008
      -6.5       -5.5       27.0   0.331768   -0.18289   0.925463
      -5.5       -5.5       27.0   0.418902   -0.19419   0.887024
      -4.5       -5.5       27.0   0.516743  -0.184408   0.836044
      -3.5       -5.5       27.0   0.614834  -0.142456   0.775683
      -2.5       -5.5       27.0   0.696039   -0.06167   0.715351
      -1.5       -5.5       27.0   0.740797   0.053751   0.669575
      -0.5       -5.5       27.0   0.734786   0.186108   0.652268
       0.5       -5.5       27.0   0.675713   0.308876   0.669334
       1.5       -5.5       27.0   0.575209   0.397146   0.715129
       2.5       -5.5       27.0    0.45444   0.437963   0.775675
       3.5       -5.5       27.0   0.335383   0.433953   0.836183
       4.5       -5.5       27.0   0.233131   0.398352   0.887111
       5.5       -5.5       27.0   0.153663   0.346563   0.925355
       6.5       -5.5       27.0   0.096321   0.290488   0.952018
      -6.5       -4.5       27.0   0.367982  -0.264051   0.891553
      -5.5       -4.5       27.0    0.47543  -0.294747   0.828909
      -4.5       -4.5       27.0   0.600399  -0.298702   0.741821
      -3.5       -4.5       27.0    0.72938  -0.255891   0.634448
      -2.5       -4.5       27.0   0.838198  -0.151593   0.523875
      -1.5       -4.5       27.0   0.898691   0.011061   0.438442
      -0.5       -4.5       27.0   0.890623   0.205189   0.405818
       0.5       -4.5       27.0   0.811168   0.387739   0.437794
       1.5       -4.5       27.0   0.677178   0.517435   0.523155
       2.5       -4.5       27.0    0.51902   0.573171   0.634108
       3.5       -4.5       27.0   0.367673   0.560862   0.741788
       4.5       -4.5       27.0   0.242866   0.503981   0.828867
       5.5       -4.5       27.0   0.150386   0.427758   0.891295
       6.5       -4.5       27.0   0.086988   0.349808   0.932774
      -6.5       -3.5       27.0   0.383845  -0.361692   0.849613
      -5.5       -3.5       27.0   0.504586  -0.421068   0.753721
      -4.5       -3.5       27.0   0.648407  -0.449011   0.614782
      -3.5       -3.5       27.0   0.798809  -0.412617   0.437779
      -2.5       -3.5       27.0    0.92498  -0.284605   0.251818
      -1.5       -3.5       27.0   0.992096  -0.065502   0.107029
      -0.5       -3.5       27.0   0.977166   0.206077   0.051762
       0.5       -3.5       27.0   0.878585    0.46563   0.106189
       1.5       -3.5       27.0   0.717407    0.64988   0.250967
       2.5       -3.5       27.0   0.531083   0.725623   0.437519
       3.5       -3.5       27.0   0.357965    0.70266   0.614922
       4.5       -3.5       27.0   0.221045   0.618832   0.753781
       5.5       -3.5       27.0   0.124667   0.512882   0.849359
       6.5       -3.5       27.0   0.062332   0.409559   0.910151
      -6.5       -2.5       27.0   0.367881  -0.466594   0.804334
      -5.5       -2.5       27.0   0.486219  -0.561592   0.669482
      -4.5       -2.5       27.0   0.627557  -0.622304   0.467879
      -3.5       -2.5       27.0   0.773108   -0.60003   0.205592
      -2.5       -2.5       27.0   0.889224  -0.451795   -0.07184
      -1.5       -2.5       27.0   0.941821  -0.175295  -0.286784
      -0.5       -2.5       27.0   0.912673   0.177672  -0.368049
       0.5       -2.5       27.0   0.803891   0.520754  -0.287357
       1.5       -2.5       27.0   0.636949   0.767519  -0.072188
       2.5       -2.5       27.0   0.449478   0.869229   0.205939
       3.5       -2.5       27.0   0.280989   0.837575   0.468523
       4.5       -2.5       27.0   0.153919   0.726376   0.669841
       5.5       -2.5       27.0   0.069855   0.590204   0.804226
       6.5       -2.5       27.0   0.019564    0.46182   0.886758
      -6.5       -1.5       27.0   0.313778  -0.562874   0.764668
      -5.5       -1.5       27.0   0.407955  -0.693543   0.593777
      -4.5       -1.5       27.0   0.516193  -0.788965   0.333286
      -3.5       -1.5       27.0    0.61963  -0.784844  -0.008798
      -2.5       -1.5       27.0   0.689473  -0.623128   -0.36924
      -1.5       -1.5       27.0   0.702861  -0.300359  -0.644804
      -0.5       -1.5       27.0   0.653389   0.119179  -0.747582
       0.5       -1.5       27.0   0.547868   0.532827  -0.644931
       1.5       -1.5       27.0    0.40435   0.836871  -0.368984
       2.5       -1.5       27.0   0.253068   0.967416  -0.007968
       3.5       -1.5       27.0   0.125587   0.934092   0.334217
       4.5       -1.5       27.0   0.037342   0.803375   0.594302
       5.5       -1.5       27.0  -0.014472   0.644218   0.764705
       6.5       -1.5       27.0  -0.040251   0.496855   0.866899
      -6.5       -0.5       27.0   0.225734  -0.632163   0.741225
      -5.5       -0.5       27.0   0.275847  -0.789359   0.548471
      -4.5       -0.5       27.0   0.323454  -0.912061   0.252036
      -3.5       -0.5       27.0   0.353272  -0.925248  -0.138255
      -2.5       -0.5       27.0   0.349753  -0.760438  -0.547181
      -1.5       -0.5       27.0   0.308693  -0.413947  -0.856362
      -0.5       -0.5       27.0    0.23719   0.041659   -0.97057
       0.5       -0.5       27.0   0.145792   0.495422  -0.856331
       1.5       -0.5       27.0   0.048382   0.835764  -0.546953
       2.5       -0.5       27.0  -0.035762   0.989814  -0.137802
       3.5       -0.5       27.0  -0.090944   0.963315   0.252495
       4.5       -0.5       27.0  -0.115703   0.827955    0.54873
       5.5       -0.5       27.0  -0.119027   0.660573   0.741267
       6.5       -0.5       27.0  -0.110746   0.506006    0.85539
      -6.5        0.5       27.0   0.119027  -0.660573   0.741267
      -5.5        0.5       27.0   0.115703  -0.827955    0.54873
      -4.5        0.5       27.0   0.090944  -0.963315   0.252495
      -3.5        0.5       27.0   0.035762  -0.989814  -0.137802
      -2.5        0.5       27.0  -0.048382  -0.835764  -0.546953
      -1.5        0.5       27.0  -0.145792  -0.495422  -0.856331
      -0.5        0.5       27.0   -0.23719  -0.041659   -0.97057
       0.5        0.5       27.0  -0.308693   0.413947  -0.856362
       1.5        0.5       27.0  -0.349753   0.760438  -0.547181
       2.5        0.5       27.0  -0.353272   0.925248  -0.138255
       3.5        0.5       27.0  -0.323454   0.912061   0.252036
       4.5        0.5       27.0  -0.275847   0.789359   0.548471
       5.5        0.5       27.0  -0.225734   0.632163   0.741225
       6.5        0.5       27.0  -0.181081   0.485135   0.855484
      -6.5        1.5       27.0   0.014472  -0.644218   0.764705
      -5.5        1.5       27.0  -0.037342  -0.803375   0.594302
      -4.5        1.5       27.0  -0.125587  -0.934092   0.334217
      -3.5        1.5       27.0  -0.253068  -0.967416  -0.007968
      -2.5        1.5       27.0   -0.40435  -0.836871  -0.368984
      -1.5        1.5       27.0  -0.547868  -0.532827  -0.644931
      -0.5        1.5       27.0  -0.653389  -0.119179  -0.747582
       0.5        1.5       27.0  -0.702861   0.300359  -0.644804
       1.5        1.5       27.0  -0.689473   0.623128   -0.36924
       2.5        1.5       27.0   -0.61963   0.784844  -0.008798
       3.5        1.5       27.0  -0.516193   0.788965   0.333286
       4.5        1.5       27.0  -0.407955   0.693543   0.593777
       5.5        1.5       27.0  -0.313778   0.562874   0.764668
       6.5        1.5       27.0  -0.239253   0.436746   0.867186
      -6.5        2.5       27.0  -0.069855  -0.590204   0.804226
      -5.5        2.5       27.0  -0.153919  -0.726376   0.669841
      -4.5        2.5       27.0  -0.280989  -0.837575   0.468523
      -3.5        2.5       27.0  -0.449478  -0.869229   0.205939
      -2.5        2.5       27.0  -0.636949  -0.767519  -0.072188
      -1.5        2.5       27.0  -0.803891  -0.520754  -0.287357
      -0.5        2.5       27.0  -0.912673  -0.177672  -0.368049
       0.5        2.5       27.0  -0.941821   0.175295  -0.286784
       1.5        2.5       27.0  -0.889224   0.451795   -0.07184
       2.5        2.5       27.0  -0.773108    0.60003   0.205592
       3.5        2.5       27.0  -0.627557   0.622304   0.467879
       4.5        2.5       27.0  -0.486219   0.561592   0.669482
       5.5        2.5       27.0  -0.367881   0.466594   0.804334
       6.5        2.5       27.0  -0.276378   0.369405   0.887217
      -6.5        3.5       27.0  -0.124667  -0.512882   0.849359
      -5.5        3.5       27.0  -0.221045  -0.618832   0.753781
      -4.5        3.5       27.0  -0.357965   -0.70266   0.614922
      -3.5        3.5       27.0  -0.531083  -0.725623   0.437519
      -2.5        3.5       27.0  -0.717407   -0.64988   0.250967
      -1.5        3.5       27.0  -0.878585   -0.46563   0.106189
      -0.5        3.5       27.0  -0.977166  -0.206077   0.051762
       0.5        3.5       27.0  -0.992096   0.065502   0.107029
       1.5        3.5       27.0   -0.92498   0.284605   0.251818
       2.5        3.5       27.0  -0.798809   0.412617   0.437779
       3.5        3.5       27.0  -0.648407   0.449011   0.614782
       4.5        3.5       27.0  -0.504586   0.421068   0.753721
       5.5        3.5       27.0  -0.383845   0.361692   0.849613
       6.5        3.5       27.0  -0.289562   0.294593   0.910697
      -6.5        4.5       27.0  -0.150386  -0.427758   0.891295
      -5.5        4.5       27.0  -0.242866  -0.503981   0.828867
      -4.5        4.5       27.0  -0.367673  -0.560862   0.741788
      -3.5        4.5       27.0   -0.51902  -0.573171   0.634108
      -2.5        4.5       27.0  -0.677178  -0.517435   0.523155
      -1.5        4.5       27.0  -0.811168  -0.387739   0.437794
      -0.5        4.5       27.0  -0.890623  -0.205189   0.405818
       0.5        4.5       27.0  -0.898691  -0.011061   0.438442
       1.5        4.5       27.0  -0.838198   0.151593   0.523875
       2.5        4.5       27.0   -0.72938   0.255891   0.634448
       3.5        4.5       27.0  -0.600399   0.298702   0.741821
       4.5        4.5       27.0   -0.47543   0.294747   0.828909
       5.5        4.5       27.0  -0.367982   0.264051   0.891553
       6.5        4.5       27.0  -0.281767   0.222743    0.93327
      -6.5        5.5       27.0  -0.153663  -0.346563   0.925355
      -5.5        5.5       27.0  -0.233131  -0.398352   0.887111
      -4.5        5.5       27.0  -0.335383  -0.433953   0.836183
      -3.5        5.5       27.0   -0.45444  -0.437963   0.775675
      -2.5        5.5       27.0  -0.575209  -0.397146   0.715129
      -1.5        5.5       27.0  -0.675713  -0.308876   0.669334
      -0.5        5.5       27.0  -0.734786  -0.186108   0.652268
       0.5        5.5       27.0  -0.740797  -0.053751   0.669575
       1.5        5.5       27.0  -0.696039    0.06167   0.715351
       2.5        5.5       27.0  -0.614834   0.142456   0.775683
       3.5        5.5       27.0  -0.516743   0.184408   0.836044
       4.5        5.5       27.0  -0.418902    0.19419   0.887024
       5.5        5.5       27.0  -0.331768    0.18289   0.925463
       6.5        5.5       27.0  -0.259275   0.160652   0.952348
      -6.5        6.5       27.0  -0.142778  -0.275593   0.950612
      -5.5        6.5       27.0  -0.206419  -0.309542   0.928211
      -4.5        6.5       27.0  -0.284809  -0.330635   0.899758
      -3.5        6.5       27.0   -0.37269  -0.329879   0.867342
      -2.5        6.5       27.0  -0.459386  -0.300272   0.835943
      -1.5        6.5       27.0  -0.530528  -0.241068   0.812666
      -0.5        6.5       27.0  -0.572664  -0.160098   0.804006
       0.5        6.5       27.0  -0.578407  -0.071812   0.812581
       1.5        6.5       27.0    -0.5491   0.008132   0.835717
       2.5        6.5       27.0   -0.49363   0.068505    0.86697
       3.5        6.5       27.0  -0.424376   0.105307   0.899342
       4.5        6.5       27.0  -0.352699   0.120881   0.927896
       5.5        6.5       27.0  -0.286269   0.120841   0.950499
       6.5        6.5       27.0  -0.228765   0.111127   0.967118
      -6.5       -6.5       28.0   0.308925  -0.045282   0.950008
      -5.5       -6.5       28.0   0.372748  -0.033411   0.927331
      -4.5       -6.5       28.0   0.438223   -0.00642   0.898843
      -3.5       -6.5       28.0   0.497186    0.03994   0.866724
      -2.5       -6.5       28.0   0.538526   0.106448   0.835858
      -1.5       -6.5       28.0   0.551029   0.187773   0.813086
      -0.5       -6.5       28.0   0.527746   0.271987   0.804678
       0.5       -6.5       28.0    0.46966   0.343597   0.813241
       1.5       -6.5       28.0   0.386305   0.389231   0.836222
       2.5       -6.5       28.0   0.292493   0.402844   0.867274
       3.5       -6.5       28.0   0.202792   0.387176   0.899428
       4.5       -6.5       28.0   0.127076   0.350878   0.927759
       5.5       -6.5       28.0   0.069318   0.303962   0.950159
       6.5       -6.5       28.0   0.029037   0.254561   0.966621
      -6.5       -5.5       28.0   0.366824  -0.099216   0.924984
      -5.5       -5.5       28.0   0.452261  -0.095965   0.886708
      -4.5       -5.5       28.0   0.543558  -0.071814   0.836294
      -3.5       -5.5       28.0   0.629289  -0.017547   0.776974
      -2.5       -5.5       28.0   0.692441   0.071285   0.717944
      -1.5       -5.5       28.0   0.714955   0.188611    0.67325
      -0.5       -5.5       28.0   0.685201   0.315784   0.656339
       0.5       -5.5       28.0   0.604308   0.426517   0.672975
       1.5       -5.5       28.0   0.487254   0.497445   0.717727
       2.5       -5.5       28.0   0.357304   0.518218   0.777035
       3.5       -5.5       28.0   0.236536   0.494256   0.836518
       4.5       -5.5       28.0   0.138535   0.440838   0.886832
       5.5       -5.5       28.0   0.067215   0.374376   0.924838
       6.5       -5.5       28.0   0.020074   0.307016   0.951493
      -6.5       -4.5       28.0   0.418355  -0.175003   0.891265
      -5.5       -4.5       28.0   0.525869   -0.18884   0.829338
      -4.5       -4.5       28.0   0.644752  -0.175728   0.743918
      -3.5       -4.5       28.0   0.759871  -0.118108   0.639254
      -2.5       -4.5       28.0   0.846854  -0.004195   0.531809
      -1.5       -4.5       28.0   0.879108   0.160563   0.448764
      -0.5       -4.5       28.0    0.83964   0.348129   0.416906
       0.5       -4.5       28.0   0.730458   0.515589   0.447883
       1.5       -4.5       28.0   0.573802    0.62364   0.530872
       2.5       -4.5       28.0    0.40358   0.654979   0.638848
       3.5       -4.5       28.0   0.250727   0.619482   0.743894
       4.5       -4.5       28.0   0.132258   0.542978   0.829267
       5.5       -4.5       28.0   0.050712    0.45136     0.8909
       6.5       -4.5       28.0   0.000294   0.362043   0.932161
      -6.5       -3.5       28.0   0.451777  -0.271658   0.849765
      -5.5       -3.5       28.0   0.575468  -0.313011   0.755553
      -4.5       -3.5       28.0   0.715141  -0.322543   0.620112
      -3.5       -3.5       28.0    0.85197  -0.270448   0.448335
      -2.5       -3.5       28.0   0.954302  -0.132744   0.267743
      -1.5       -3.5       28.0   0.988063   0.088084   0.126384
      -0.5       -3.5       28.0   0.933121   0.352288   0.071965
       0.5       -3.5       28.0   0.794317   0.594483     0.1251
       1.5       -3.5       28.0   0.601602   0.753027   0.266504
       2.5       -3.5       28.0   0.398697    0.80022   0.447982
       3.5       -3.5       28.0   0.223819   0.751768   0.620283
       4.5       -3.5       28.0   0.095393   0.648071   0.755582
       5.5       -3.5       28.0   0.012862   0.527636   0.849373
       6.5       -3.5       28.0  -0.033669   0.414223   0.909552
      -6.5       -2.5       28.0   0.454164  -0.381426   0.805139
      -5.5       -2.5       28.0   0.579393   -0.45941   0.673235
      -4.5       -2.5       28.0   0.720295  -0.503336   0.477313
      -3.5       -2.5       28.0   0.855124  -0.468237   0.222522
      -2.5       -2.5       28.0   0.948246  -0.313711  -0.049153
      -1.5       -2.5       28.0   0.964199  -0.036904  -0.262599
      -0.5       -2.5       28.0   0.886183   0.309971   -0.34438
       0.5       -2.5       28.0   0.724771    0.63658  -0.263577
       1.5       -2.5       28.0   0.515214   0.855619  -0.049713
       2.5       -2.5       28.0   0.305108   0.925832   0.223034
       3.5       -2.5       28.0   0.133712   0.868027   0.478175
       4.5       -2.5       28.0   0.016661   0.738869   0.673643
       5.5       -2.5       28.0  -0.051186   0.591171    0.80492
       6.5       -2.5       28.0  -0.083341   0.455577   0.886287
      -6.5       -1.5       28.0   0.417026  -0.488973   0.766155
      -5.5       -1.5       28.0   0.522402  -0.606438   0.599441
      -4.5       -1.5       28.0   0.634767  -0.690698   0.346422
      -3.5       -1.5       28.0   0.731399  -0.681835   0.012479
      -2.5       -1.5       28.0   0.779623  -0.522271  -0.345573
      -1.5       -1.5       28.0   0.752848  -0.202774  -0.626182
      -0.5       -1.5       28.0   0.645856   0.213954  -0.732867
       0.5       -1.5       28.0    0.47703   0.616477  -0.626418
       1.5       -1.5       28.0   0.282274   0.895103  -0.345125
       2.5       -1.5       28.0   0.103776   0.994505   0.013793
       3.5       -1.5       28.0  -0.027874   0.937177    0.34774
       4.5       -1.5       28.0  -0.105617   0.792926   0.600095
       5.5       -1.5       28.0  -0.140053    0.62723   0.766139
       6.5       -1.5       28.0  -0.146415   0.477004    0.86662
      -6.5       -0.5       28.0   0.342205  -0.574994   0.743153
      -5.5       -0.5       28.0   0.407125  -0.725129   0.555371
      -4.5       -0.5       28.0   0.462582  -0.845296   0.267382
      -3.5       -0.5       28.0   0.487812  -0.865307  -0.115252
      -2.5       -0.5       28.0   0.460962  -0.714669  -0.526081
      -1.5       -0.5       28.0   0.373567  -0.378123  -0.847036
      -0.5       -0.5       28.0   0.237262   0.076401  -0.968437
       0.5       -0.5       28.0    0.07819    0.52585  -0.846976
       1.5       -0.5       28.0  -0.071305   0.847697  -0.525666
       2.5       -0.5       28.0  -0.182343   0.976544  -0.114509
       3.5       -0.5       28.0  -0.241939   0.932531    0.26805
       4.5       -0.5       28.0  -0.256814   0.790721   0.555704
       5.5       -0.5       28.0  -0.243195   0.623325   0.743183
       6.5       -0.5       28.0  -0.215649   0.471178    0.85527
      -6.5        0.5       28.0   0.243195  -0.623325   0.743183
      -5.5        0.5       28.0   0.256814  -0.790721   0.555704
      -4.5        0.5       28.0   0.241939  -0.932531    0.26805
      -3.5        0.5       28.0   0.182343  -0.976544  -0.114509
      -2.5        0.5       28.0   0.071305  -0.847697  -0.525666
      -1.5        0.5       28.0   -0.07819   -0.52585  -0.846976
      -0.5        0.5       28.0  -0.237262  -0.076401  -0.968437
       0.5        0.5       28.0  -0.373567   0.378123  -0.847036
       1.5        0.5       28.0  -0.460962   0.714669  -0.526081
       2.5        0.5       28.0  -0.487812   0.865307  -0.115252
       3.5        0.5       28.0  -0.462582   0.845296   0.267382
       4.5        0.5       28.0  -0.407125   0.725129   0.555371
       5.5        0.5       28.0  -0.342205   0.574994   0.743153
       6.5        0.5       28.0  -0.279965   0.435763   0.855412
      -6.5        1.5       28.0   0.140053   -0.62723   0.766139
      -5.5        1.5       28.0   0.105617  -0.792926   0.600095
      -4.5        1.5       28.0   0.027874  -0.937177    0.34774
      -3.5        1.5       28.0  -0.103776  -0.994505   0.013793
      -2.5        1.5       28.0  -0.282274  -0.895103  -0.345125
      -1.5        1.5       28.0   -0.47703  -0.616477  -0.626418
      -0.5        1.5       28.0  -0.645856  -0.213954  -0.732867
       0.5        1.5       28.0  -0.752848   0.202774  -0.626182
       1.5        1.5       28.0  -0.779623   0.522271  -0.345573
       2.5        1.5       28.0  -0.731399   0.681835   0.012479
       3.5        1.5       28.0  -0.634767   0.690698   0.346422
       4.5        1.5       28.0  -0.522402   0.606438   0.599441
       5.5        1.5       28.0  -0.417026   0.488973   0.766155
       6.5        1.5       28.0   -0.32788    0.37514   0.867044
      -6.5        2.5       28.0   0.051186  -0.591171    0.80492
      -5.5        2.5       28.0  -0.016661  -0.738869   0.673643
      -4.5        2.5       28.0  -0.133712  -0.868027   0.478175
      -3.5        2.5       28.0  -0.305108  -0.925832   0.223034
      -2.5        2.5       28.0  -0.515214  -0.855619  -0.049713
      -1.5        2.5       28.0  -0.724771   -0.63658  -0.263577
      -0.5        2.5       28.0  -0.886183  -0.309971   -0.34438
       0.5        2.5       28.0  -0.964199   0.036904  -0.262599
       1.5        2.5       28.0  -0.948246   0.313711  -0.049153
       2.5        2.5       28.0  -0.855124   0.468237   0.222522
       3.5        2.5       28.0  -0.720295   0.503336   0.477313
       4.5        2.5       28.0  -0.579393    0.45941   0.673235
       5.5        2.5       28.0  -0.454164   0.381426   0.805139
       6.5        2.5       28.0  -0.351735   0.299353   0.886944
      -6.5        3.5       28.0  -0.012862  -0.527636   0.849373
      -5.5        3.5       28.0  -0.095393  -0.648071   0.755582
      -4.5        3.5       28.0  -0.223819  -0.751768   0.620283
      -3.5        3.5       28.0  -0.398697   -0.80022   0.447982
      -2.5        3.5       28.0  -0.601602  -0.753027   0.266504
      -1.5        3.5       28.0  -0.794317  -0.594483     0.1251
      -0.5        3.5       28.0  -0.933121  -0.352288   0.071965
       0.5        3.5       28.0  -0.988063  -0.088084   0.126384
       1.5        3.5       28.0  -0.954302   0.132744   0.267743
       2.5        3.5       28.0   -0.85197   0.270448   0.448335
       3.5        3.5       28.0  -0.715141   0.322543   0.620112
       4.5        3.5       28.0  -0.575468   0.313011   0.755553
       5.5        3.5       28.0  -0.451777   0.271658   0.849765
       6.5        3.5       28.0  -0.350273   0.220559   0.910309
      -6.5        4.5       28.0  -0.050712   -0.45136     0.8909
      -5.5        4.5       28.0  -0.132258  -0.542978   0.829267
      -4.5        4.5       28.0  -0.250727  -0.619482   0.743894
      -3.5        4.5       28.0   -0.40358  -0.654979   0.638848
      -2.5        4.5       28.0  -0.573802   -0.62364   0.530872
      -1.5        4.5       28.0  -0.730458  -0.515589   0.447883
      -0.5        4.5       28.0   -0.83964  -0.348129   0.416906
       0.5        4.5       28.0  -0.879108  -0.160563   0.448764
       1.5        4.5       28.0  -0.846854   0.004195   0.531809
       2.5        4.5       28.0  -0.759871   0.118108   0.639254
       3.5        4.5       28.0  -0.644752   0.175728   0.743918
       4.5        4.5       28.0  -0.525869    0.18884   0.829338
       5.5        4.5       28.0  -0.418355   0.175003   0.891265
       6.5        4.5       28.0  -0.328065   0.148978   0.932834
      -6.5        5.5       28.0  -0.067215  -0.374376   0.924838
      -5.5        5.5       28.0  -0.138535  -0.440838   0.886832
      -4.5        5.5       28.0  -0.236536  -0.494256   0.836518
      -3.5        5.5       28.0  -0.357304  -0.518218   0.777035
      -2.5        5.5       28.0  -0.487254  -0.497445   0.717727
      -1.5        5.5       28.0  -0.604308  -0.426517   0.672975
      -0.5        5.5       28.0  -0.685201  -0.315784   0.656339
       0.5        5.5       28.0  -0.714955  -0.188611    0.67325
       1.5        5.5       28.0  -0.692441  -0.071285   0.717944
       2.5        5.5       28.0  -0.629289   0.017547   0.776974
       3.5        5.5       28.0  -0.543558   0.071814   0.836294
       4.5        5.5       28.0  -0.452261   0.095965   0.886708
       5.5        5.5       28.0  -0.366824   0.099216   0.924984
       6.5        5.5       28.0  -0.292614   0.090563   0.951932
      -6.5        6.5       28.0  -0.069318  -0.303962   0.950159
      -5.5        6.5       28.0  -0.127076  -0.350878   0.927759
      -4.5        6.5       28.0  -0.202792  -0.387176   0.899428
      -3.5        6.5       28.0  -0.292493  -0.402844   0.867274
      -2.5        6.5       28.0  -0.386305  -0.389231   0.836222
      -1.5        6.5       28.0   -0.46966  -0.343597   0.813241
      -0.5        6.5       28.0  -0.527746  -0.271987   0.804678
       0.5        6.5       28.0  -0.551029  -0.187773   0.813086
       1.5        6.5       28.0  -0.538526  -0.106448   0.835858
       2.5        6.5       28.0  -0.497186   -0.03994   0.866724
       3.5        6.5       28.0  -0.438223    0.00642   0.898843
       4.5        6.5       28.0  -0.372748   0.033411   0.927331
       5.5        6.5       28.0  -0.308925   0.045282   0.950008
       6.5        6.5       28.0  -0.251301    0.04704   0.966765
      -6.5       -6.5       29.0   0.297341   0.050983   0.953409
      -5.5       -6.5       29.0   0.353332   0.078103   0.932232
      -4.5       -6.5       29.0   0.407142   0.118954   0.905586
      -3.5       -6.5       29.0   0.450233   0.175643   0.875465
      -2.5       -6.5       29.0    0.47199   0.246543   0.846429
      -1.5       -6.5       29.0   0.462915   0.324309   0.824945
      -0.5       -6.5       29.0   0.418976    0.39617   0.817012
       0.5       -6.5       29.0   0.344705   0.447578   0.825138
       1.5       -6.5       29.0   0.252663   0.467962   0.846861
       2.5       -6.5       29.0   0.158926   0.455196   0.876093
       3.5       -6.5       29.0   0.077107   0.415688   0.906233
       4.5       -6.5       29.0     0.0146   0.360366   0.932697
       5.5       -6.5       29.0  -0.027405   0.299919   0.953571
       6.5       -6.5       29.0  -0.051623   0.242034   0.968893
      -6.5       -5.5       29.0   0.367002   0.015475   0.930091
      -5.5       -5.5       29.0   0.445772   0.039109   0.894292
      -4.5       -5.5       29.0   0.525212   0.082595   0.846953
      -3.5       -5.5       29.0   0.592686   0.152169   0.790929
      -2.5       -5.5       29.0   0.631052   0.248704   0.734792
      -1.5       -5.5       29.0   0.624024   0.362929   0.692009
      -0.5       -5.5       29.0   0.564059   0.474562   0.675743
       0.5       -5.5       29.0   0.458036   0.558319   0.691725
       1.5       -5.5       29.0   0.326341   0.594875   0.734592
       2.5       -5.5       29.0   0.194782   0.579933   0.791036
       3.5       -5.5       29.0   0.084001   0.524561   0.847219
       4.5       -5.5       29.0   0.003504   0.447194    0.89443
       5.5       -5.5       29.0  -0.047172   0.364694   0.929932
       6.5       -5.5       29.0   -0.07375   0.288056   0.954769
      -6.5       -4.5       29.0   0.436647  -0.043241   0.898593
      -5.5       -4.5       29.0    0.54096  -0.031509   0.840458
      -4.5       -4.5       29.0   0.650281   0.006625   0.759664
      -3.5       -4.5       29.0    0.74677   0.084849   0.659648
      -2.5       -4.5       29.0   0.804343   0.210116   0.555773
      -1.5       -4.5       29.0   0.797518   0.372423   0.474622
      -0.5       -4.5       29.0   0.714727   0.541039   0.443219
       0.5       -4.5       29.0   0.567126   0.673855    0.47359
       1.5       -4.5       29.0   0.386338   0.736913   0.554709
       2.5       -4.5       29.0   0.211085    0.72172   0.659215
       3.5       -4.5       29.0   0.070226   0.646532   0.759648
       4.5       -4.5       29.0  -0.025773   0.541397   0.840372
       5.5       -4.5       29.0  -0.081068   0.432077   0.898186
       6.5       -4.5       29.0  -0.105956   0.333683   0.936712
      -6.5       -3.5       29.0   0.494726  -0.127356   0.859667
      -5.5       -3.5       29.0   0.621747  -0.139465   0.770701
      -4.5       -3.5       29.0   0.757863  -0.120148   0.641255
      -3.5       -3.5       29.0   0.879133  -0.044157   0.474526
      -2.5       -3.5       29.0   0.949078   0.106841   0.296371
      -1.5       -3.5       29.0   0.932967   0.324887   0.154987
      -0.5       -3.5       29.0   0.817864   0.566657   0.099995
       0.5       -3.5       29.0   0.622771   0.767226   0.153363
       1.5       -3.5       29.0   0.392627   0.871154   0.294848
       2.5       -3.5       29.0   0.179151   0.862045   0.474114
       3.5       -3.5       29.0   0.017663    0.76697    0.64144
       4.5       -3.5       29.0   -0.08327   0.631729   0.770704
       5.5       -3.5       29.0  -0.133873   0.493795   0.859211
       6.5       -3.5       29.0  -0.150037   0.373126   0.915569
      -6.5       -2.5       29.0   0.526719  -0.232653   0.817581
      -5.5       -2.5       29.0   0.664668  -0.281366   0.692134
      -4.5       -2.5       29.0   0.811673  -0.297521   0.502661
      -3.5       -2.5       29.0   0.937463  -0.240893   0.251263
      -2.5       -2.5       29.0   0.996845   -0.07629  -0.021927
      -1.5       -2.5       29.0   0.951295   0.194072  -0.239529
      -0.5       -2.5       29.0   0.794095   0.514488  -0.323597
       0.5       -2.5       29.0   0.556327   0.795299  -0.240831
       1.5       -2.5       29.0   0.294276   0.955452  -0.022656
       2.5       -2.5       29.0    0.06674    0.96545   0.251898
       3.5       -2.5       29.0   -0.09086   0.859111   0.503659
       4.5       -2.5       29.0  -0.176335   0.699482   0.692554
       5.5       -2.5       29.0  -0.207611   0.537511     0.8173
       6.5       -2.5       29.0  -0.205613   0.398608   0.893776
      -6.5       -1.5       29.0   0.520393  -0.346178    0.78061
      -5.5       -1.5       29.0   0.648975  -0.439477   0.621041
      -4.5       -1.5       29.0   0.778535  -0.504085   0.373873
      -3.5       -1.5       29.0   0.873963  -0.484337   0.040078
      -2.5       -1.5       29.0   0.888006  -0.325598    -0.3247
      -1.5       -1.5       29.0   0.789288  -0.021426  -0.613649
      -0.5       -1.5       29.0   0.586311   0.363518  -0.723943
       0.5       -1.5       29.0   0.323686    0.71991  -0.613968
       1.5       -1.5       29.0   0.063121   0.943915    -0.3241
       2.5       -1.5       29.0  -0.139475   0.989344   0.041773
       3.5       -1.5       29.0  -0.258195   0.890148   0.375462
       4.5       -1.5       29.0  -0.302432   0.722461    0.62176
       5.5       -1.5       29.0  -0.298016   0.549472   0.780556
       6.5       -1.5       29.0  -0.268559   0.402102   0.875323
      -6.5       -0.5       29.0   0.472613  -0.448338   0.758703
      -5.5       -0.5       29.0   0.569692  -0.583944   0.578325
      -4.5       -0.5       29.0   0.651686  -0.698579   0.295453
      -3.5       -0.5       29.0   0.682499  -0.725379  -0.089556
      -2.5       -0.5       29.0   0.622538  -0.593135  -0.510527
      -1.5       -0.5       29.0   0.458025  -0.285202  -0.841946
      -0.5       -0.5       29.0   0.216507   0.131388  -0.967399
       0.5       -0.5       29.0  -0.046831   0.537653  -0.841865
       1.5       -0.5       29.0  -0.271038   0.816378  -0.509967
       2.5       -0.5       29.0  -0.411675   0.907016   -0.08858
       3.5       -0.5       29.0  -0.460946    0.83651   0.296275
       4.5       -0.5       29.0  -0.443737   0.684255   0.578699
       5.5       -0.5       29.0  -0.392545   0.519856   0.758722
       6.5       -0.5       29.0  -0.330502   0.378304    0.86467
      -6.5        0.5       29.0   0.392545  -0.519856   0.758722
      -5.5        0.5       29.0   0.443737  -0.684255   0.578699
      -4.5        0.5       29.0   0.460946   -0.83651   0.296275
      -3.5        0.5       29.0   0.411675  -0.907016   -0.08858
      -2.5        0.5       29.0   0.271038  -0.816378  -0.509967
      -1.5        0.5       29.0   0.046831  -0.537653  -0.841865
      -0.5        0.5       29.0  -0.216507  -0.131388  -0.967399
       0.5        0.5       29.0  -0.458025   0.285202  -0.841946
       1.5        0.5       29.0  -0.622538   0.593135  -0.510527
       2.5        0.5       29.0  -0.682499   0.725379  -0.089556
       3.5        0.5       29.0  -0.651686   0.698579   0.295453
       4.5        0.5       29.0  -0.569692   0.583944   0.578325
       5.5        0.5       29.0  -0.472613   0.448338   0.758703
       6.5        0.5       29.0  -0.380477   0.327565   0.864834
      -6.5        1.5       29.0   0.298016  -0.549472   0.780556
      -5.5        1.5       29.0   0.302432  -0.722461    0.62176
      -4.5        1.5       29.0   0.258195  -0.890148   0.375462
      -3.5        1.5       29.0   0.139475  -0.989344   0.041773
      -2.5        1.5       29.0  -0.063121  -0.943915    -0.3241
      -1.5        1.5       29.0  -0.323686   -0.71991  -0.613968
      -0.5        1.5       29.0  -0.586311  -0.363518  -0.723943
       0.5        1.5       29.0  -0.789288   0.021426  -0.613649
       1.5        1.5       29.0  -0.888006   0.325598    -0.3247
       2.5        1.5       29.0  -0.873963   0.484337   0.040078
       3.5        1.5       29.0  -0.778535   0.504085   0.373873
       4.5        1.5       29.0  -0.648975   0.439477   0.621041
       5.5        1.5       29.0  -0.520393   0.346178    0.78061
       6.5        1.5       29.0  -0.408611   0.256905   0.875807
      -6.5        2.5       29.0   0.207611  -0.537511     0.8173
      -5.5        2.5       29.0   0.176335  -0.699482   0.692554
      -4.5        2.5       29.0    0.09086  -0.859111   0.503659
      -3.5        2.5       29.0   -0.06674   -0.96545   0.251898
      -2.5        2.5       29.0  -0.294276  -0.955452  -0.022656
      -1.5        2.5       29.0  -0.556327  -0.795299  -0.240831
      -0.5        2.5       29.0  -0.794095  -0.514488  -0.323597
       0.5        2.5       29.0  -0.951295  -0.194072  -0.239529
       1.5        2.5       29.0  -0.996845    0.07629  -0.021927
       2.5        2.5       29.0  -0.937463   0.240893   0.251263
       3.5        2.5       29.0  -0.811673   0.297521   0.502661
       4.5        2.5       29.0  -0.664668   0.281366   0.692134
       5.5        2.5       29.0  -0.526719   0.232653   0.817581
       6.5        2.5       29.0  -0.410066   0.178024   0.894513
      -6.5        3.5       29.0   0.133873  -0.493795   0.859211
      -5.5        3.5       29.0    0.08327  -0.631729   0.770704
      -4.5        3.5       29.0  -0.017663   -0.76697    0.64144
      -3.5        3.5       29.0  -0.179151  -0.862045   0.474114
      -2.5        3.5       29.0  -0.392627  -0.871154   0.294848
      -1.5        3.5       29.0  -0.622771  -0.767226   0.153363
      -0.5        3.5       29.0  -0.817864  -0.566657   0.099995
       0.5        3.5       29.0  -0.932967  -0.324887   0.154987
       1.5        3.5       29.0  -0.949078  -0.106841   0.296371
       2.5        3.5       29.0  -0.879133   0.044157   0.474526
       3.5        3.5       29.0  -0.757863   0.120148   0.641255
       4.5        3.5       29.0  -0.621747   0.139465   0.770701
       5.5        3.5       29.0  -0.494726   0.127356   0.859667
       6.5        3.5       29.0  -0.386747   0.103125   0.916402
      -6.5        4.5       29.0   0.081068  -0.432077   0.898186
      -5.5        4.5       29.0   0.025773  -0.541397   0.840372
      -4.5        4.5       29.0  -0.070226  -0.646532   0.759648
      -3.5        4.5       29.0  -0.211085   -0.72172   0.659215
      -2.5        4.5       29.0  -0.386338  -0.736913   0.554709
      -1.5        4.5       29.0  -0.567126  -0.673855    0.47359
      -0.5        4.5       29.0  -0.714727  -0.541039   0.443219
       0.5        4.5       29.0  -0.797518  -0.372423   0.474622
       1.5        4.5       29.0  -0.804343  -0.210116   0.555773
       2.5        4.5       29.0   -0.74677  -0.084849   0.659648
       3.5        4.5       29.0  -0.650281  -0.006625   0.759664
       4.5        4.5       29.0   -0.54096   0.031509   0.840458
       5.5        4.5       29.0  -0.436647   0.043241   0.898593
       6.5        4.5       29.0  -0.345726   0.040974    0.93744
      -6.5        5.5       29.0   0.047172  -0.364694   0.929932
      -5.5        5.5       29.0  -0.003504  -0.447194    0.89443
      -4.5        5.5       29.0  -0.084001  -0.524561   0.847219
      -3.5        5.5       29.0  -0.194782  -0.579933   0.791036
      -2.5        5.5       29.0  -0.326341  -0.594875   0.734592
      -1.5        5.5       29.0  -0.458036  -0.558319   0.691725
      -0.5        5.5       29.0  -0.564059  -0.474562   0.675743
       0.5        5.5       29.0  -0.624024  -0.362929   0.692009
       1.5        5.5       29.0  -0.631052  -0.248704   0.734792
       2.5        5.5       29.0  -0.592686  -0.152169   0.790929
       3.5        5.5       29.0  -0.525212  -0.082595   0.846953
       4.5        5.5       29.0  -0.445772  -0.039109   0.894292
       5.5        5.5       29.0  -0.367002  -0.015475   0.930091
       6.5        5.5       29.0  -0.295795  -0.004653    0.95524
      -6.5        6.5       29.0   0.027405  -0.299919   0.953571
      -5.5        6.5       29.0    -0.0146  -0.360366   0.932697
      -4.5        6.5       29.0  -0.077107  -0.415688   0.906233
      -3.5        6.5       29.0  -0.158926  -0.455196   0.876093
      -2.5        6.5       29.0  -0.252663  -0.467962   0.846861
      -1.5        6.5       29.0  -0.344705  -0.447578   0.825138
      -0.5        6.5       29.0  -0.418976   -0.39617   0.817012
       0.5        6.5       29.0  -0.462915  -0.324309   0.824945
       1.5        6.5       29.0   -0.47199  -0.246543   0.846429
       2.5        6.5       29.0  -0.450233  -0.175643   0.875465
       3.5        6.5       29.0  -0.407142  -0.118954   0.905586
       4.5        6.5       29.0  -0.353332  -0.078103   0.932232
       5.5        6.5       29.0  -0.297341  -0.050983   0.953409
       6.5        6.5       29.0   -0.24451  -0.034114   0.969046
# 2
 14.000000   0.000000   0.000000
  0.000000  14.000000   0.000000
