# 19 1 1
  0.000000   0.000000   0.000000  -1.000000   0.000000  -0.000000
  0.105263   0.000000   0.000000  -0.945817   0.000000  -0.324699
  0.210526   0.000000   0.000000  -0.789141   0.000000  -0.614213
  0.315789   0.000000   0.000000  -0.546948   0.000000  -0.837166
  0.421053   0.000000   0.000000  -0.245485   0.000000  -0.969400
  0.526316   0.000000   0.000000   0.082579   0.000000  -0.996584
  0.631579   0.000000   0.000000   0.401695   0.000000  -0.915773
  0.736842   0.000000   0.000000   0.677282   0.000000  -0.735724
  0.842105   0.000000   0.000000   0.879474   0.000000  -0.475947
  0.947368   0.000000   0.000000   0.986361   0.000000  -0.164595
  1.052632   0.000000   0.000000  -0.986361   0.000000   0.164595
  1.157895   0.000000   0.000000  -0.879474   0.000000   0.475947
  1.263158   0.000000   0.000000  -0.677282   0.000000   0.735724
  1.368421   0.000000   0.000000  -0.401695   0.000000   0.915773
  1.473684   0.000000   0.000000  -0.082579   0.000000   0.996584
  1.578947   0.000000   0.000000   0.245485   0.000000   0.969400
  1.684211   0.000000   0.000000   0.546948   0.000000   0.837166
  1.789474   0.000000   0.000000   0.789141   0.000000   0.614213
  1.894737   0.000000   0.000000   0.945817   0.000000   0.324699
# 2
20 0 0
0 1 0
